-15597 -25
-15597 -24
-15597 -8
-15597 -5
-15596 -44
-15596 -43
-15596 -42
-15596 -41
-15596 -26
-15596 -25
-15596 -24
-15596 -23
-15596 -9
-15596 8
-15596 9
-15596 26
-15596 27
-15595 -83
-15595 -81
-15595 -80
-15595 -78
-15595 -77
-15595 -66
-15595 -65
-15595 -63
-15595 -62
-15595 -61
-15595 -60
-15595 -59
-15595 -58
-15595 -48
-15595 -47
-15595 -45
-15595 -40
-15595 -30
-15595 -28
-15595 -27
-15595 -25
-15595 -24
-15595 -22
-15595 -11
-15595 -10
-15595 8
-15595 30
-15595 43
-15595 45
-15595 48
-15595 61
-15595 63
-15595 64
-15595 66
-15595 67
-15594 -84
-15594 -83
-15594 -81
-15594 -80
-15594 -77
-15594 -76
-15594 -66
-15594 -65
-15594 -63
-15594 -62
-15594 -61
-15594 -60
-15594 -59
-15594 -58
-15594 -49
-15594 -45
-15594 -40
-15594 -31
-15594 -28
-15594 -27
-15594 -14
-15594 -7
-15594 -6
-15594 -4
-15594 7
-15594 8
-15594 11
-15594 12
-15594 13
-15594 25
-15594 26
-15594 29
-15594 31
-15594 43
-15594 44
-15594 45
-15594 47
-15594 49
-15594 50
-15594 60
-15594 61
-15594 63
-15594 64
-15594 67
-15594 68
-15593 -84
-15593 -66
-15593 -65
-15593 -49
-15593 -44
-15593 -43
-15593 -32
-15593 -31
-15593 -30
-15593 -27
-15593 -26
-15593 -23
-15593 -22
-15593 -11
-15593 -7
-15593 -4
-15593 7
-15593 11
-15593 13
-15593 14
-15593 15
-15593 24
-15593 27
-15593 28
-15593 29
-15593 31
-15593 33
-15593 42
-15593 49
-15593 60
-15592 -77
-15592 -76
-15592 -66
-15592 -65
-15592 -59
-15592 -58
-15592 -49
-15592 -46
-15592 -41
-15592 -40
-15592 -32
-15592 -31
-15592 -30
-15592 -27
-15592 -25
-15592 -24
-15592 -23
-15592 -22
-15592 -11
-15592 -10
-15592 -9
-15592 -7
-15592 -3
-15592 7
-15592 8
-15592 10
-15592 15
-15592 25
-15592 26
-15592 27
-15592 28
-15592 29
-15592 30
-15592 33
-15592 43
-15592 49
-15592 50
-15592 67
-15592 68
-15591 -84
-15591 -83
-15591 -77
-15591 -76
-15591 -66
-15591 -65
-15591 -59
-15591 -58
-15591 -49
-15591 -46
-15591 -42
-15591 -39
-15591 -31
-15591 -28
-15591 -24
-15591 -21
-15591 -14
-15591 -2
-15591 9
-15591 11
-15591 26
-15591 27
-15591 29
-15591 30
-15591 60
-15591 61
-15591 67
-15591 68
-15590 -84
-15590 -83
-15590 -66
-15590 -65
-15590 -59
-15590 -58
-15590 -48
-15590 -47
-15590 -42
-15590 -39
-15590 -30
-15590 -29
-15590 -28
-15590 -27
-15590 -25
-15590 -22
-15590 -21
-15590 -20
-15590 -13
-15590 -9
-15590 -7
-15590 -6
-15590 -5
-15590 5
-15590 10
-15590 12
-15590 13
-15590 23
-15590 26
-15590 27
-15590 28
-15590 29
-15590 30
-15590 31
-15590 42
-15590 43
-15590 49
-15590 60
-15590 61
-15589 -76
-15589 -59
-15589 -58
-15589 -45
-15589 -44
-15589 -39
-15589 -30
-15589 -29
-15589 -26
-15589 -25
-15589 -22
-15589 -21
-15589 -20
-15589 -12
-15589 -9
-15589 -5
-15589 5
-15589 6
-15589 7
-15589 9
-15589 13
-15589 23
-15589 25
-15589 27
-15589 28
-15589 29
-15589 32
-15589 43
-15589 50
-15589 68
-15588 -84
-15588 -83
-15588 -80
-15588 -79
-15588 -77
-15588 -76
-15588 -66
-15588 -65
-15588 -64
-15588 -63
-15588 -62
-15588 -61
-15588 -59
-15588 -58
-15588 -48
-15588 -43
-15588 -39
-15588 -25
-15588 -24
-15588 -21
-15588 -12
-15588 -10
-15588 -9
-15588 -2
-15588 7
-15588 8
-15588 9
-15588 12
-15588 13
-15588 25
-15588 27
-15588 30
-15588 31
-15588 42
-15588 43
-15588 45
-15588 47
-15588 48
-15588 49
-15588 60
-15588 61
-15588 64
-15588 65
-15588 67
-15588 68
-15587 -83
-15587 -82
-15587 -80
-15587 -79
-15587 -77
-15587 -66
-15587 -65
-15587 -64
-15587 -63
-15587 -62
-15587 -61
-15587 -59
-15587 -58
-15587 -48
-15587 -43
-15587 -41
-15587 -40
-15587 -30
-15587 -28
-15587 -27
-15587 -25
-15587 -24
-15587 -22
-15587 -6
-15587 -5
-15587 12
-15587 26
-15587 44
-15587 47
-15587 49
-15587 61
-15587 62
-15587 64
-15587 65
-15587 67
-15586 -47
-15586 -46
-15586 -45
-15586 -44
-15586 -29
-15586 -28
-15586 -27
-15586 -26
-15586 -7
-15586 11
-15586 12
-15586 29
-15586 30
-15585 -28
-15585 -27
-15585 -11
-15585 -8
-15582 -94
-15582 -86
-15582 -58
-15582 -50
-15582 -22
-15582 -14
-15582 14
-15582 22
-15582 50
-15582 58
-15582 86
-15581 -96
-15581 -95
-15581 -94
-15581 -86
-15581 -85
-15581 -84
-15581 -60
-15581 -59
-15581 -58
-15581 -50
-15581 -49
-15581 -48
-15581 -24
-15581 -23
-15581 -22
-15581 -14
-15581 -13
-15581 -12
-15581 12
-15581 13
-15581 14
-15581 22
-15581 23
-15581 24
-15581 48
-15581 49
-15581 50
-15581 58
-15581 59
-15581 60
-15581 84
-15581 85
-15581 86
-15580 -97
-15580 -83
-15580 -61
-15580 -47
-15580 -25
-15580 -11
-15580 11
-15580 25
-15580 47
-15580 61
-15580 83
-15579 -97
-15579 -96
-15579 -84
-15579 -83
-15579 -61
-15579 -60
-15579 -48
-15579 -47
-15579 -25
-15579 -24
-15579 -12
-15579 -11
-15579 11
-15579 12
-15579 24
-15579 25
-15579 47
-15579 48
-15579 60
-15579 61
-15579 83
-15579 84
-15573 -79
-15573 -78
-15573 -28
-15573 -27
-15573 8
-15573 9
-15573 44
-15573 45
-15572 -80
-15572 -79
-15572 -78
-15572 -77
-15572 -66
-15572 -65
-15572 -63
-15572 -62
-15572 -61
-15572 -60
-15572 -59
-15572 -58
-15572 -28
-15572 8
-15572 44
-15571 -84
-15571 -82
-15571 -81
-15571 -79
-15571 -78
-15571 -76
-15571 -66
-15571 -65
-15571 -63
-15571 -62
-15571 -61
-15571 -60
-15571 -59
-15571 -58
-15571 -48
-15571 -47
-15571 -45
-15571 -44
-15571 -43
-15571 -42
-15571 -41
-15571 -40
-15571 -29
-15571 -28
-15571 -25
-15571 -24
-15571 -23
-15571 -11
-15571 -9
-15571 -6
-15571 7
-15571 8
-15571 11
-15571 12
-15571 13
-15571 25
-15571 27
-15571 30
-15571 43
-15571 44
-15571 47
-15571 48
-15571 49
-15571 61
-15571 63
-15571 66
-15570 -85
-15570 -82
-15570 -81
-15570 -66
-15570 -65
-15570 -48
-15570 -47
-15570 -45
-15570 -44
-15570 -43
-15570 -42
-15570 -41
-15570 -40
-15570 -29
-15570 -25
-15570 -23
-15570 -22
-15570 -21
-15570 -11
-15570 -10
-15570 -9
-15570 -7
-15570 -5
-15570 -4
-15570 7
-15570 11
-15570 13
-15570 14
-15570 15
-15570 25
-15570 26
-15570 27
-15570 29
-15570 31
-15570 32
-15570 43
-15570 47
-15570 49
-15570 50
-15570 51
-15570 61
-15570 62
-15570 63
-15570 65
-15570 67
-15570 68
-15569 -86
-15569 -85
-15569 -84
-15569 -81
-15569 -80
-15569 -77
-15569 -76
-15569 -66
-15569 -65
-15569 -59
-15569 -58
-15569 -48
-15569 -47
-15569 -29
-15569 -28
-15569 -26
-15569 -21
-15569 -12
-15569 -5
-15569 7
-15569 8
-15569 10
-15569 15
-15569 24
-15569 31
-15569 43
-15569 44
-15569 46
-15569 51
-15569 60
-15569 67
-15568 -86
-15568 -85
-15568 -84
-15568 -81
-15568 -79
-15568 -78
-15568 -77
-15568 -76
-15568 -66
-15568 -65
-15568 -59
-15568 -58
-15568 -48
-15568 -47
-15568 -41
-15568 -40
-15568 -27
-15568 -25
-15568 -11
-15568 -5
-15568 -4
-15568 9
-15568 11
-15568 25
-15568 31
-15568 32
-15568 45
-15568 47
-15568 61
-15568 67
-15568 68
-15567 -85
-15567 -82
-15567 -78
-15567 -75
-15567 -66
-15567 -65
-15567 -59
-15567 -58
-15567 -48
-15567 -47
-15567 -41
-15567 -40
-15567 -31
-15567 -26
-15567 -24
-15567 -23
-15567 5
-15567 10
-15567 12
-15567 13
-15567 41
-15567 46
-15567 48
-15567 49
-15566 -84
-15566 -83
-15566 -82
-15566 -81
-15566 -79
-15566 -76
-15566 -75
-15566 -74
-15566 -59
-15566 -58
-15566 -48
-15566 -47
-15566 -41
-15566 -40
-15566 -31
-15566 -30
-15566 -29
-15566 -27
-15566 -23
-15566 -12
-15566 -11
-15566 -5
-15566 5
-15566 6
-15566 7
-15566 9
-15566 13
-15566 24
-15566 25
-15566 31
-15566 41
-15566 42
-15566 43
-15566 45
-15566 49
-15566 60
-15566 61
-15566 67
-15565 -84
-15565 -83
-15565 -80
-15565 -79
-15565 -76
-15565 -75
-15565 -74
-15565 -66
-15565 -65
-15565 -64
-15565 -63
-15565 -62
-15565 -61
-15565 -59
-15565 -58
-15565 -41
-15565 -40
-15565 -29
-15565 -28
-15565 -27
-15565 -24
-15565 -23
-15565 -11
-15565 -4
-15565 7
-15565 8
-15565 9
-15565 12
-15565 13
-15565 25
-15565 32
-15565 43
-15565 44
-15565 45
-15565 48
-15565 49
-15565 61
-15565 68
-15564 -79
-15564 -78
-15564 -75
-15564 -66
-15564 -65
-15564 -64
-15564 -63
-15564 -62
-15564 -61
-15564 -59
-15564 -58
-15564 -48
-15564 -47
-15564 -46
-15564 -45
-15564 -44
-15564 -43
-15564 -41
-15564 -40
-15564 -24
-15564 -12
-15564 -11
-15564 -9
-15564 -7
-15564 -6
-15564 -5
-15564 12
-15564 24
-15564 25
-15564 27
-15564 29
-15564 30
-15564 31
-15564 48
-15564 60
-15564 61
-15564 63
-15564 65
-15564 66
-15564 67
-15563 -84
-15563 -82
-15563 -81
-15563 -79
-15563 -78
-15563 -76
-15563 -48
-15563 -47
-15563 -46
-15563 -45
-15563 -44
-15563 -43
-15563 -41
-15563 -40
-15563 -25
-15563 -24
-15563 -10
-15563 -7
-15563 -5
-15563 11
-15563 12
-15563 26
-15563 29
-15563 31
-15563 47
-15563 48
-15563 62
-15563 65
-15563 67
-15562 -83
-15562 -82
-15562 -81
-15562 -80
-15561 -82
-15561 -81
-570 -164
-570 -163
-570 -162
-570 -161
-570 -155
-570 -154
-570 -153
-569 -164
-569 -162
-569 -161
-569 -153
-568 -164
-568 -156
-568 -154
-568 -153
-567 -163
-567 -162
-567 -156
-567 -155
-565 -163
-565 -162
-565 -156
-565 -155
-564 -164
-564 -156
-564 -154
-564 -153
-563 -178
-563 -177
-563 -164
-563 -162
-563 -161
-562 -178
-562 -177
-562 -164
-562 -163
-562 -162
-562 -161
-562 -155
-562 -152
-562 -146
-562 -145
-562 -144
-562 -143
-561 -146
-561 -145
-561 -143
-560 -154
-560 -153
-560 -151
-560 -143
-559 -152
-559 -151
-559 -145
-559 -144
-557 -152
-557 -151
-557 -145
-557 -144
-556 -154
-556 -153
-556 -151
-556 -143
-555 -154
-555 -146
-555 -145
-555 -143
-555 -130
-555 -129
-554 -154
-554 -153
-554 -152
-554 -146
-554 -145
-554 -144
-554 -143
-554 -130
-554 -129
-544 -116
-544 -115
-543 -133
-543 -132
-543 -117
-543 -116
-543 -114
-543 -113
-542 -133
-542 -132
-542 -116
-542 -113
-541 -116
-541 -113
-540 -115
-540 -114
-538 -115
-538 -114
-537 -116
-537 -113
-536 -116
-536 -113
-536 -106
-536 -105
-535 -117
-535 -116
-535 -114
-535 -113
-535 -106
-535 -105
-534 -116
-534 -115
-492 -114
-492 -113
-492 -112
-492 -108
-491 -116
-491 -115
-491 -114
-491 -113
-491 -112
-491 -109
-491 -107
-490 -117
-490 -116
-490 -112
-490 -111
-490 -107
-489 -116
-489 -115
-489 -111
-489 -108
-488 -115
-488 -111
-488 -110
-488 -109
-486 -115
-486 -111
-486 -110
-486 -109
-485 -116
-485 -115
-485 -111
-485 -108
-484 -121
-484 -120
-484 -117
-484 -116
-484 -112
-484 -111
-484 -107
-484 -94
-484 -93
-483 -121
-483 -120
-483 -116
-483 -115
-483 -114
-483 -113
-483 -112
-483 -109
-483 -107
-483 -94
-483 -93
-482 -114
-482 -113
-482 -112
-482 -108
-455 -146
-455 -145
-455 -144
-455 -143
-455 -137
-455 -136
-455 -135
-455 135
-455 136
-455 137
-455 143
-455 144
-455 145
-455 146
-454 -146
-454 -144
-454 -143
-454 -135
-454 135
-454 143
-454 144
-454 146
-453 -146
-453 -138
-453 -136
-453 -135
-453 135
-453 136
-453 138
-453 146
-452 -145
-452 -144
-452 -138
-452 -137
-452 137
-452 138
-452 144
-452 145
-450 -145
-450 -144
-450 -138
-450 -137
-450 137
-450 138
-450 144
-450 145
-449 -146
-449 -138
-449 -136
-449 -135
-449 135
-449 136
-449 138
-449 146
-448 -160
-448 -159
-448 -146
-448 -144
-448 -143
-448 143
-448 144
-448 146
-448 159
-448 160
-447 -160
-447 -159
-447 -146
-447 -145
-447 -144
-447 -143
-447 -137
-447 -134
-447 -128
-447 -127
-447 -126
-447 -125
-447 125
-447 126
-447 127
-447 128
-447 134
-447 137
-447 143
-447 144
-447 145
-447 146
-447 159
-447 160
-446 -128
-446 -127
-446 -125
-446 125
-446 127
-446 128
-445 -136
-445 -135
-445 -133
-445 -125
-445 125
-445 133
-445 135
-445 136
-444 -134
-444 -133
-444 -127
-444 -126
-444 126
-444 127
-444 133
-444 134
-442 -134
-442 -133
-442 -127
-442 -126
-442 126
-442 127
-442 133
-442 134
-441 -136
-441 -135
-441 -133
-441 -125
-441 125
-441 133
-441 135
-441 136
-440 -136
-440 -128
-440 -127
-440 -125
-440 -112
-440 -111
-440 111
-440 112
-440 125
-440 127
-440 128
-440 136
-439 -136
-439 -135
-439 -134
-439 -128
-439 -127
-439 -126
-439 -125
-439 -112
-439 -111
-439 111
-439 112
-439 125
-439 126
-439 127
-439 128
-439 134
-439 135
-439 136
-429 -98
-429 -97
-429 97
-429 98
-428 -115
-428 -114
-428 -99
-428 -98
-428 -96
-428 -95
-428 95
-428 96
-428 98
-428 99
-428 114
-428 115
-427 -115
-427 -114
-427 -98
-427 -95
-427 95
-427 98
-427 114
-427 115
-426 -98
-426 -95
-426 95
-426 98
-425 -151
-425 -150
-425 -149
-425 -97
-425 -96
-425 96
-425 97
-424 -149
-423 -150
-423 -97
-423 -96
-423 96
-423 97
-422 -98
-422 -95
-422 95
-422 98
-421 -98
-421 -95
-421 -88
-421 -87
-421 87
-421 88
-421 95
-421 98
-420 -99
-420 -98
-420 -96
-420 -95
-420 -88
-420 -87
-420 87
-420 88
-420 95
-420 96
-420 98
-420 99
-419 -98
-419 -97
-419 97
-419 98
-414 -162
-414 -161
-413 -163
-413 -161
-412 -161
-398 -140
-398 -138
-397 -140
-397 -139
-396 -139
-387 -150
-387 -86
-387 -85
-386 -152
-386 -151
-386 -86
-386 -84
-385 -151
-385 -150
-385 -85
-385 -84
-383 -82
-383 -81
-382 -82
-382 -80
-381 -81
-381 -80
-377 -96
-377 -95
-377 -94
-377 -90
-377 90
-377 94
-377 95
-377 96
-376 -98
-376 -97
-376 -96
-376 -95
-376 -94
-376 -91
-376 -89
-376 89
-376 91
-376 94
-376 95
-376 96
-376 97
-376 98
-375 -99
-375 -98
-375 -94
-375 -93
-375 -89
-375 89
-375 93
-375 94
-375 98
-375 99
-374 -98
-374 -97
-374 -93
-374 -90
-374 90
-374 93
-374 97
-374 98
-373 -97
-373 -93
-373 -92
-373 -91
-373 91
-373 92
-373 93
-373 97
-371 -97
-371 -93
-371 -92
-371 -91
-371 91
-371 92
-371 93
-371 97
-370 -98
-370 -97
-370 -93
-370 -90
-370 90
-370 93
-370 97
-370 98
-369 -103
-369 -102
-369 -99
-369 -98
-369 -94
-369 -93
-369 -89
-369 -76
-369 -75
-369 75
-369 76
-369 89
-369 93
-369 94
-369 98
-369 99
-369 102
-369 103
-368 -103
-368 -102
-368 -98
-368 -97
-368 -96
-368 -95
-368 -94
-368 -91
-368 -89
-368 -76
-368 -75
-368 75
-368 76
-368 89
-368 91
-368 94
-368 95
-368 96
-368 97
-368 98
-368 102
-368 103
-367 -96
-367 -95
-367 -94
-367 -90
-367 90
-367 94
-367 95
-367 96
-364 -173
-363 -175
-363 -174
-362 -174
-362 -173
-356 -220
-356 -219
-356 -218
-355 -218
-354 -219
-352 -186
-352 -184
-351 -186
-351 -185
-350 -185
-345 -231
-345 -230
-344 -232
-344 -230
-343 -230
-341 -196
-340 -198
-340 -197
-340 -128
-340 -127
-340 -126
-340 -125
-340 -119
-340 -118
-340 -117
-340 117
-340 118
-340 119
-340 125
-340 126
-340 127
-340 128
-339 -197
-339 -196
-339 -128
-339 -126
-339 -125
-339 -117
-339 117
-339 125
-339 126
-339 128
-338 -128
-338 -120
-338 -118
-338 -117
-338 117
-338 118
-338 120
-338 128
-337 -127
-337 -126
-337 -120
-337 -119
-337 119
-337 120
-337 126
-337 127
-335 -127
-335 -126
-335 -120
-335 -119
-335 119
-335 120
-335 126
-335 127
-334 -128
-334 -120
-334 -118
-334 -117
-334 117
-334 118
-334 120
-334 128
-333 -142
-333 -141
-333 -128
-333 -126
-333 -125
-333 125
-333 126
-333 128
-333 141
-333 142
-332 -142
-332 -141
-332 -128
-332 -127
-332 -126
-332 -125
-332 -119
-332 -116
-332 -110
-332 -109
-332 -108
-332 -107
-332 107
-332 108
-332 109
-332 110
-332 116
-332 119
-332 125
-332 126
-332 127
-332 128
-332 141
-332 142
-331 -110
-331 -109
-331 -107
-331 107
-331 109
-331 110
-330 -118
-330 -117
-330 -115
-330 -107
-330 107
-330 115
-330 117
-330 118
-329 -209
-329 -207
-329 -116
-329 -115
-329 -109
-329 -108
-329 108
-329 109
-329 115
-329 116
-328 -209
-328 -208
-327 -208
-327 -116
-327 -115
-327 -109
-327 -108
-327 108
-327 109
-327 115
-327 116
-326 -118
-326 -117
-326 -115
-326 -107
-326 107
-326 115
-326 117
-326 118
-325 -118
-325 -110
-325 -109
-325 -107
-325 -94
-325 -93
-325 93
-325 94
-325 107
-325 109
-325 110
-325 118
-324 -118
-324 -117
-324 -116
-324 -110
-324 -109
-324 -108
-324 -107
-324 -94
-324 -93
-324 93
-324 94
-324 107
-324 108
-324 109
-324 110
-324 116
-324 117
-324 118
-322 120
-322 121
-321 120
-321 122
-320 120
-317 106
-316 105
-315 105
-315 106
-315 107
-314 -80
-314 -79
-314 79
-314 80
-313 -97
-313 -96
-313 -81
-313 -80
-313 -78
-313 -77
-313 77
-313 78
-313 80
-313 81
-313 96
-313 97
-312 -97
-312 -96
-312 -80
-312 -77
-312 77
-312 80
-312 96
-312 97
-311 -80
-311 -77
-311 77
-311 80
-310 -79
-310 -78
-310 78
-310 79
-308 -79
-308 -78
-308 78
-308 79
-307 -80
-307 -77
-307 77
-307 80
-306 -232
-306 -230
-306 -80
-306 -77
-306 -70
-306 -69
-306 69
-306 70
-306 77
-306 80
-306 97
-306 99
-305 -232
-305 -231
-305 -81
-305 -80
-305 -78
-305 -77
-305 -70
-305 -69
-305 69
-305 70
-305 77
-305 78
-305 80
-305 81
-305 98
-305 99
-304 -231
-304 -80
-304 -79
-304 79
-304 80
-304 98
-299 143
-299 144
-298 143
-298 145
-297 143
-295 -242
-295 -109
-295 109
-294 -244
-294 -243
-294 -111
-294 -110
-294 110
-294 111
-293 -243
-293 -242
-293 -110
-293 -109
-293 109
-293 110
-287 -156
-287 -155
-287 -154
-287 154
-287 155
-287 156
-286 -154
-286 154
-285 -155
-285 155
-283 -122
-283 -120
-283 120
-283 122
-282 -122
-282 -121
-282 121
-282 122
-281 -121
-281 121
-276 -167
-276 -166
-275 -168
-275 -166
-274 -166
-271 66
-271 67
-270 66
-270 67
-268 -64
-268 -63
-268 63
-268 64
-267 -64
-267 -62
-267 62
-267 64
-266 -63
-266 -62
-266 62
-266 63
-262 -78
-262 -77
-262 -76
-262 -72
-262 72
-262 76
-262 77
-262 78
-261 -80
-261 -79
-261 -78
-261 -77
-261 -76
-261 -73
-261 -71
-261 71
-261 73
-261 76
-261 77
-261 78
-261 79
-261 80
-260 -278
-260 -276
-260 -81
-260 -80
-260 -76
-260 -75
-260 -71
-260 71
-260 75
-260 76
-260 80
-260 81
-260 143
-260 145
-259 -278
-259 -277
-259 -80
-259 -79
-259 -75
-259 -72
-259 72
-259 75
-259 79
-259 80
-259 144
-259 145
-258 -277
-258 -79
-258 -75
-258 -74
-258 -73
-258 73
-258 74
-258 75
-258 79
-258 144
-256 -79
-256 -75
-256 -74
-256 -73
-256 73
-256 74
-256 75
-256 79
-255 -80
-255 -79
-255 -75
-255 -72
-255 72
-255 75
-255 79
-255 80
-254 -85
-254 -84
-254 -81
-254 -80
-254 -76
-254 -75
-254 -71
-254 -58
-254 -57
-254 57
-254 58
-254 71
-254 75
-254 76
-254 80
-254 81
-254 84
-254 85
-253 -85
-253 -84
-253 -80
-253 -79
-253 -78
-253 -77
-253 -76
-253 -73
-253 -71
-253 -58
-253 -57
-253 57
-253 58
-253 71
-253 73
-253 76
-253 77
-253 78
-253 79
-253 80
-253 84
-253 85
-252 -78
-252 -77
-252 -76
-252 -72
-252 72
-252 76
-252 77
-252 78
-249 -288
-249 155
-248 -290
-248 -289
-248 156
-248 157
-247 -289
-247 -288
-247 155
-247 156
-237 166
-237 168
-236 167
-236 168
-235 167
-226 -178
-226 178
-225 -180
-225 -179
-225 -110
-225 -109
-225 -108
-225 -107
-225 -101
-225 -100
-225 -99
-225 99
-225 100
-225 101
-225 107
-225 108
-225 109
-225 110
-225 179
-225 180
-224 -179
-224 -178
-224 -110
-224 -108
-224 -107
-224 -99
-224 99
-224 107
-224 108
-224 110
-224 178
-224 179
-223 -110
-223 -102
-223 -100
-223 -99
-223 99
-223 100
-223 102
-223 110
-222 -109
-222 -108
-222 -102
-222 -101
-222 101
-222 102
-222 108
-222 109
-220 -109
-220 -108
-220 -102
-220 -101
-220 101
-220 102
-220 108
-220 109
-219 -110
-219 -102
-219 -100
-219 -99
-219 99
-219 100
-219 102
-219 110
-218 -124
-218 -123
-218 -110
-218 -108
-218 -107
-218 107
-218 108
-218 110
-218 123
-218 124
-217 -124
-217 -123
-217 -110
-217 -109
-217 -108
-217 -107
-217 -101
-217 -98
-217 -92
-217 -91
-217 -90
-217 -89
-217 89
-217 90
-217 91
-217 92
-217 98
-217 101
-217 107
-217 108
-217 109
-217 110
-217 123
-217 124
-216 -92
-216 -91
-216 -89
-216 89
-216 91
-216 92
-215 -100
-215 -99
-215 -97
-215 -89
-215 89
-215 97
-215 99
-215 100
-214 -191
-214 -189
-214 -98
-214 -97
-214 -91
-214 -90
-214 90
-214 91
-214 97
-214 98
-214 189
-214 191
-213 -191
-213 -190
-213 190
-213 191
-212 -190
-212 -98
-212 -97
-212 -91
-212 -90
-212 90
-212 91
-212 97
-212 98
-212 190
-211 -100
-211 -99
-211 -97
-211 -89
-211 89
-211 97
-211 99
-211 100
-210 -100
-210 -92
-210 -91
-210 -89
-210 -76
-210 -75
-210 75
-210 76
-210 89
-210 91
-210 92
-210 100
-209 -100
-209 -99
-209 -98
-209 -92
-209 -91
-209 -90
-209 -89
-209 -76
-209 -75
-209 75
-209 76
-209 89
-209 90
-209 91
-209 92
-209 98
-209 99
-209 100
-207 -369
-207 -368
-206 -370
-206 -368
-205 -368
-202 -88
-202 88
-201 -87
-201 87
-200 -89
-200 -88
-200 -87
-200 87
-200 88
-200 89
-199 -62
-199 -61
-199 61
-199 62
-198 -79
-198 -78
-198 -63
-198 -62
-198 -60
-198 -59
-198 59
-198 60
-198 62
-198 63
-198 78
-198 79
-197 -79
-197 -78
-197 -62
-197 -59
-197 59
-197 62
-197 78
-197 79
-196 -62
-196 -59
-196 59
-196 62
-195 -381
-195 -380
-195 -379
-195 -61
-195 -60
-195 60
-195 61
-194 -379
-193 -380
-193 -61
-193 -60
-193 60
-193 61
-192 -62
-192 -59
-192 59
-192 62
-191 -214
-191 -212
-191 -81
-191 -79
-191 -62
-191 -59
-191 -52
-191 -51
-191 51
-191 52
-191 59
-191 62
-191 79
-191 81
-191 212
-191 214
-190 -214
-190 -213
-190 -81
-190 -80
-190 -63
-190 -62
-190 -60
-190 -59
-190 -52
-190 -51
-190 51
-190 52
-190 59
-190 60
-190 62
-190 63
-190 80
-190 81
-190 213
-190 214
-189 -213
-189 -80
-189 -62
-189 -61
-189 61
-189 62
-189 80
-189 213
-184 -392
-184 -391
-183 -393
-183 -391
-182 -391
-180 -224
-180 224
-179 -226
-179 -225
-179 225
-179 226
-178 -225
-178 -224
-178 224
-178 225
-172 -404
-172 -403
-172 -402
-171 -402
-170 -403
-168 -237
-168 -235
-168 235
-168 237
-167 -237
-167 -236
-167 236
-167 237
-166 -236
-166 236
-161 -415
-161 -414
-160 -416
-160 -414
-159 -414
-157 -247
-157 114
-157 247
-156 -249
-156 -248
-156 115
-156 116
-156 248
-156 249
-155 -248
-155 -247
-155 114
-155 115
-155 247
-155 248
-149 -427
-149 -426
-149 -425
-149 -294
-149 -293
-149 -292
-148 -425
-148 -292
-147 -426
-147 -293
-147 -60
-147 -59
-147 -58
-147 -54
-147 54
-147 58
-147 59
-147 60
-146 -62
-146 -61
-146 -60
-146 -59
-146 -58
-146 -55
-146 -53
-146 53
-146 55
-146 58
-146 59
-146 60
-146 61
-146 62
-145 -393
-145 -391
-145 -63
-145 -62
-145 -58
-145 -57
-145 -53
-145 53
-145 57
-145 58
-145 62
-145 63
-145 125
-145 127
-144 -393
-144 -392
-144 -62
-144 -61
-144 -57
-144 -54
-144 54
-144 57
-144 61
-144 62
-144 126
-144 127
-143 -392
-143 -61
-143 -57
-143 -56
-143 -55
-143 55
-143 56
-143 57
-143 61
-143 126
-141 -61
-141 -57
-141 -56
-141 -55
-141 55
-141 56
-141 57
-141 61
-140 -62
-140 -61
-140 -57
-140 -54
-140 54
-140 57
-140 61
-140 62
-139 -67
-139 -66
-139 -63
-139 -62
-139 -58
-139 -57
-139 -53
-139 -40
-139 -39
-139 39
-139 40
-139 53
-139 57
-139 58
-139 62
-139 63
-139 66
-139 67
-138 -305
-138 -304
-138 -67
-138 -66
-138 -62
-138 -61
-138 -60
-138 -59
-138 -58
-138 -55
-138 -53
-138 -40
-138 -39
-138 39
-138 40
-138 53
-138 55
-138 58
-138 59
-138 60
-138 61
-138 62
-138 66
-138 67
-137 -306
-137 -304
-137 -60
-137 -59
-137 -58
-137 -54
-137 54
-137 58
-137 59
-137 60
-136 -304
-134 -403
-134 -270
-134 137
-134 270
-133 -405
-133 -404
-133 -272
-133 -271
-133 138
-133 139
-133 271
-133 272
-132 -404
-132 -403
-132 -271
-132 -270
-132 137
-132 138
-132 270
-132 271
-126 -450
-126 -449
-126 -448
-126 -317
-126 -316
-126 -315
-126 315
-126 316
-126 317
-125 -448
-125 -315
-125 315
-124 -449
-124 -316
-124 316
-122 -416
-122 -414
-122 -283
-122 -281
-122 -150
-122 -148
-122 148
-122 150
-122 281
-122 283
-121 -416
-121 -415
-121 -283
-121 -282
-121 -150
-121 -149
-121 149
-121 150
-121 282
-121 283
-120 -415
-120 -282
-120 -149
-120 149
-120 282
-115 -461
-115 -460
-115 -328
-115 -327
-115 327
-115 328
-114 -462
-114 -460
-114 -329
-114 -327
-114 327
-114 329
-113 -460
-113 -327
-113 327
-111 -426
-111 -160
-111 160
-110 -428
-110 -427
-110 -162
-110 -161
-110 -92
-110 -91
-110 -90
-110 -89
-110 -83
-110 -82
-110 -81
-110 81
-110 82
-110 83
-110 89
-110 90
-110 91
-110 92
-110 161
-110 162
-109 -427
-109 -426
-109 -161
-109 -160
-109 -92
-109 -90
-109 -89
-109 -81
-109 81
-109 89
-109 90
-109 92
-109 160
-109 161
-108 -92
-108 -84
-108 -82
-108 -81
-108 81
-108 82
-108 84
-108 92
-107 -91
-107 -90
-107 -84
-107 -83
-107 83
-107 84
-107 90
-107 91
-105 -91
-105 -90
-105 -84
-105 -83
-105 83
-105 84
-105 90
-105 91
-104 -92
-104 -84
-104 -82
-104 -81
-104 81
-104 82
-104 84
-104 92
-103 -473
-103 -472
-103 -471
-103 -340
-103 -339
-103 -338
-103 -106
-103 -105
-103 -92
-103 -90
-103 -89
-103 89
-103 90
-103 92
-103 105
-103 106
-102 -471
-102 -338
-102 -106
-102 -105
-102 -92
-102 -91
-102 -90
-102 -89
-102 -83
-102 -80
-102 -74
-102 -73
-102 -72
-102 -71
-102 71
-102 72
-102 73
-102 74
-102 80
-102 83
-102 89
-102 90
-102 91
-102 92
-102 105
-102 106
-101 -472
-101 -339
-101 -74
-101 -73
-101 -71
-101 71
-101 73
-101 74
-100 -82
-100 -81
-100 -79
-100 -71
-100 71
-100 79
-100 81
-100 82
-99 -439
-99 -437
-99 -80
-99 -79
-99 -73
-99 -72
-99 72
-99 73
-99 79
-99 80
-98 -439
-98 -438
-97 -438
-97 -80
-97 -79
-97 -73
-97 -72
-97 72
-97 73
-97 79
-97 80
-96 -82
-96 -81
-96 -79
-96 -71
-96 71
-96 79
-96 81
-96 82
-95 -82
-95 -74
-95 -73
-95 -71
-95 -58
-95 -57
-95 57
-95 58
-95 71
-95 73
-95 74
-95 82
-94 -82
-94 -81
-94 -80
-94 -74
-94 -73
-94 -72
-94 -71
-94 -58
-94 -57
-94 57
-94 58
-94 71
-94 72
-94 73
-94 74
-94 80
-94 81
-94 82
-92 -484
-92 -483
-92 -351
-92 -350
-91 -485
-91 -483
-91 -352
-91 -350
-90 -483
-90 -350
-88 -316
-88 183
-88 316
-87 -318
-87 -317
-87 184
-87 185
-87 317
-87 318
-86 -317
-86 -316
-86 183
-86 184
-86 316
-86 317
-84 -44
-84 -43
-84 43
-84 44
-83 -61
-83 -60
-83 -45
-83 -44
-83 -42
-83 -41
-83 41
-83 42
-83 44
-83 45
-83 60
-83 61
-82 -61
-82 -60
-82 -44
-82 -41
-82 41
-82 44
-82 60
-82 61
-81 -44
-81 -41
-81 41
-81 44
-80 -496
-80 -495
-80 -494
-80 -43
-80 -42
-80 42
-80 43
-79 -494
-78 -495
-78 -43
-78 -42
-78 42
-78 43
-77 -44
-77 -41
-77 41
-77 44
-76 -462
-76 -460
-76 -329
-76 -327
-76 -44
-76 -41
-76 -34
-76 -33
-76 33
-76 34
-76 41
-76 44
-76 194
-76 196
-76 327
-76 329
-75 -462
-75 -461
-75 -329
-75 -328
-75 -45
-75 -44
-75 -42
-75 -41
-75 -34
-75 -33
-75 33
-75 34
-75 41
-75 42
-75 44
-75 45
-75 195
-75 196
-75 328
-75 329
-74 -461
-74 -328
-74 -44
-74 -43
-74 43
-74 44
-74 195
-74 328
-69 -374
-69 -373
-69 240
-69 241
-69 373
-69 374
-68 -375
-68 -373
-68 240
-68 242
-68 373
-68 375
-67 -373
-67 240
-67 373
-65 -472
-65 206
-64 -474
-64 -473
-64 207
-64 208
-63 -473
-63 -472
-63 206
-63 207
-57 -386
-57 -385
-57 -384
-57 251
-57 252
-57 253
-57 384
-57 385
-57 386
-56 -384
-56 251
-56 384
-55 -385
-55 252
-55 385
-53 -219
-53 -217
-53 217
-53 219
-53 350
-53 352
-52 -219
-52 -218
-52 218
-52 219
-52 351
-52 352
-51 -218
-51 218
-51 351
-46 -530
-46 -529
-46 -397
-46 -396
-46 396
-46 397
-45 -531
-45 -529
-45 -398
-45 -396
-45 396
-45 398
-44 -529
-44 -396
-44 396
-42 -229
-42 229
-42 362
-41 -231
-41 -230
-41 230
-41 231
-41 363
-41 364
-40 -230
-40 -229
-40 229
-40 230
-40 362
-40 363
-34 -542
-34 -541
-34 -540
-34 -409
-34 -408
-34 -407
-34 407
-34 408
-34 409
-33 -540
-33 -407
-33 407
-32 -541
-32 -408
-32 -42
-32 -41
-32 -40
-32 -36
-32 36
-32 40
-32 41
-32 42
-32 408
-31 -44
-31 -43
-31 -42
-31 -41
-31 -40
-31 -37
-31 -35
-31 35
-31 37
-31 40
-31 41
-31 42
-31 43
-31 44
-30 -508
-30 -506
-30 -109
-30 -107
-30 -45
-30 -44
-30 -40
-30 -39
-30 -35
-30 35
-30 39
-30 40
-30 44
-30 45
-30 107
-30 109
-30 373
-30 375
-29 -508
-29 -507
-29 -109
-29 -108
-29 -44
-29 -43
-29 -39
-29 -36
-29 36
-29 39
-29 43
-29 44
-29 108
-29 109
-29 374
-29 375
-28 -507
-28 -108
-28 -43
-28 -39
-28 -38
-28 -37
-28 37
-28 38
-28 39
-28 43
-28 108
-28 374
-26 -43
-26 -39
-26 -38
-26 -37
-26 37
-26 38
-26 39
-26 43
-25 -44
-25 -43
-25 -39
-25 -36
-25 36
-25 39
-25 43
-25 44
-24 -49
-24 -48
-24 -45
-24 -44
-24 -40
-24 -39
-24 -35
-24 -22
-24 -21
-24 21
-24 22
-24 35
-24 39
-24 40
-24 44
-24 45
-24 48
-24 49
-23 -553
-23 -552
-23 -420
-23 -419
-23 -49
-23 -48
-23 -44
-23 -43
-23 -42
-23 -41
-23 -40
-23 -37
-23 -35
-23 -22
-23 -21
-23 21
-23 22
-23 35
-23 37
-23 40
-23 41
-23 42
-23 43
-23 44
-23 48
-23 49
-23 419
-23 420
-22 -554
-22 -552
-22 -421
-22 -419
-22 -42
-22 -41
-22 -40
-22 -36
-22 36
-22 40
-22 41
-22 42
-22 419
-22 421
-21 -552
-21 -419
-21 419
-19 -518
-19 -119
-19 119
-19 252
-19 385
-18 -520
-18 -519
-18 -121
-18 -120
-18 120
-18 121
-18 253
-18 254
-18 386
-18 387
-17 -519
-17 -518
-17 -120
-17 -119
-17 119
-17 120
-17 252
-17 253
-17 385
-17 386
-11 -565
-11 -564
-11 -563
-11 -432
-11 -431
-11 -430
-11 -299
-11 -298
-11 -297
-11 -166
-11 -165
-11 -164
-11 164
-11 165
-11 166
-11 297
-11 298
-11 299
-10 -563
-10 -430
-10 -297
-10 -164
-10 164
-10 297
-9 -564
-9 -431
-9 -298
-9 -165
-9 165
-9 298
-7 263
-7 265
-7 396
-7 398
-6 264
-6 265
-6 397
-6 398
-5 264
-5 397
0 -576
0 -575
0 -310
0 -309
0 -177
0 -176
0 176
0 177
0 309
0 310
1 -577
1 -575
1 -311
1 -309
1 -178
1 -176
1 176
1 178
1 309
1 311
2 -575
2 -309
2 -176
2 176
2 309
4 -541
4 275
4 408
5 -543
5 -542
5 -74
5 -73
5 -72
5 -71
5 -65
5 -64
5 -63
5 63
5 64
5 65
5 71
5 72
5 73
5 74
5 276
5 277
5 409
5 410
6 -542
6 -541
6 -74
6 -72
6 -71
6 -63
6 63
6 71
6 72
6 74
6 275
6 276
6 408
6 409
7 -74
7 -66
7 -64
7 -63
7 63
7 64
7 66
7 74
8 -73
8 -72
8 -66
8 -65
8 65
8 66
8 72
8 73
10 -73
10 -72
10 -66
10 -65
10 65
10 66
10 72
10 73
11 -74
11 -66
11 -64
11 -63
11 63
11 64
11 66
11 74
12 -588
12 -587
12 -586
12 -455
12 -454
12 -453
12 -88
12 -87
12 -74
12 -72
12 -71
12 71
12 72
12 74
12 87
12 88
12 320
12 321
12 322
13 -586
13 -453
13 -88
13 -87
13 -74
13 -73
13 -72
13 -71
13 -65
13 -62
13 -56
13 -55
13 -54
13 -53
13 53
13 54
13 55
13 56
13 62
13 65
13 71
13 72
13 73
13 74
13 87
13 88
13 320
14 -587
14 -454
14 -56
14 -55
14 -53
14 53
14 55
14 56
14 321
15 -64
15 -63
15 -61
15 -53
15 53
15 61
15 63
15 64
16 -554
16 -552
16 -62
16 -61
16 -55
16 -54
16 54
16 55
16 61
16 62
16 286
16 288
17 -554
17 -553
17 287
17 288
18 -553
18 -62
18 -61
18 -55
18 -54
18 54
18 55
18 61
18 62
18 287
19 -64
19 -63
19 -61
19 -53
19 53
19 61
19 63
19 64
20 -64
20 -56
20 -55
20 -53
20 -40
20 -39
20 39
20 40
20 53
20 55
20 56
20 64
21 -64
21 -63
21 -62
21 -56
21 -55
21 -54
21 -53
21 -40
21 -39
21 39
21 40
21 53
21 54
21 55
21 56
21 62
21 63
21 64
23 -466
23 -465
23 332
23 333
24 -467
24 -465
24 332
24 334
25 -465
25 332
27 -564
27 -431
27 431
28 -566
28 -565
28 -433
28 -432
28 432
28 433
29 -565
29 -564
29 -432
29 -431
29 431
29 432
31 -26
31 -25
31 25
31 26
32 -43
32 -42
32 -27
32 -26
32 -24
32 -23
32 23
32 24
32 26
32 27
32 42
32 43
33 -43
33 -42
33 -26
33 -23
33 23
33 26
33 42
33 43
34 -26
34 -23
34 23
34 26
35 -611
35 -610
35 -609
35 -478
35 -477
35 -476
35 -345
35 -344
35 -343
35 -25
35 -24
35 24
35 25
35 343
35 344
35 345
35 476
35 477
35 478
36 -609
36 -476
36 -343
36 343
36 476
37 -610
37 -477
37 -344
37 -25
37 -24
37 24
37 25
37 344
37 477
38 -26
38 -23
38 23
38 26
39 -577
39 -575
39 -444
39 -442
39 -311
39 -309
39 -26
39 -23
39 -16
39 -15
39 15
39 16
39 23
39 26
39 309
39 311
39 442
39 444
40 -577
40 -576
40 -444
40 -443
40 -311
40 -310
40 -27
40 -26
40 -24
40 -23
40 -16
40 -15
40 15
40 16
40 23
40 24
40 26
40 27
40 310
40 311
40 443
40 444
41 -576
41 -443
41 -310
41 -26
41 -25
41 25
41 26
41 310
41 443
46 -622
46 -621
46 -489
46 -488
46 -356
46 -355
46 -223
46 -222
46 -90
46 -89
46 89
46 90
46 222
46 223
46 355
46 356
46 488
46 489
47 -623
47 -621
47 -490
47 -488
47 -357
47 -355
47 -224
47 -222
47 -91
47 -89
47 89
47 91
47 222
47 224
47 355
47 357
47 488
47 490
48 -621
48 -488
48 -355
48 -222
48 -89
48 89
48 222
48 355
48 488
50 -587
50 -454
50 -321
50 -188
50 321
50 454
51 -589
51 -588
51 -456
51 -455
51 -323
51 -322
51 -190
51 -189
51 322
51 323
51 455
51 456
52 -588
52 -587
52 -455
52 -454
52 -322
52 -321
52 -189
52 -188
52 321
52 322
52 454
52 455
58 -501
58 -500
58 -499
58 -235
58 -234
58 -233
58 -102
58 -101
58 -100
58 100
58 101
58 102
58 233
58 234
58 235
59 -499
59 -233
59 -100
59 100
59 233
60 -500
60 -234
60 -101
60 101
60 234
62 -600
62 -598
62 -467
62 -465
62 -201
62 -199
62 465
62 467
63 -600
63 -599
63 -467
63 -466
63 -201
63 -200
63 466
63 467
64 -599
64 -466
64 -200
64 466
69 -512
69 -511
70 -513
70 -511
71 -511
73 -477
73 477
74 -479
74 -478
74 478
74 479
75 -478
75 -477
75 477
75 478
83 -24
83 -23
83 -22
83 -18
83 18
83 22
83 23
83 24
84 -26
84 -25
84 -24
84 -23
84 -22
84 -19
84 -17
84 17
84 19
84 22
84 23
84 24
84 25
84 26
85 -357
85 -355
85 -27
85 -26
85 -22
85 -21
85 -17
85 17
85 21
85 22
85 26
85 27
85 355
85 357
86 -357
86 -356
86 -26
86 -25
86 -21
86 -18
86 18
86 21
86 25
86 26
86 356
86 357
87 -356
87 -25
87 -21
87 -20
87 -19
87 19
87 20
87 21
87 25
87 356
89 -25
89 -21
89 -20
89 -19
89 19
89 20
89 21
89 25
90 -26
90 -25
90 -21
90 -18
90 18
90 21
90 25
90 26
91 -31
91 -30
91 -27
91 -26
91 -22
91 -21
91 -17
91 -4
91 -3
91 3
91 4
91 17
91 21
91 22
91 26
91 27
91 30
91 31
92 -535
92 -534
92 -269
92 -268
92 -31
92 -30
92 -26
92 -25
92 -24
92 -23
92 -22
92 -19
92 -17
92 -4
92 -3
92 3
92 4
92 17
92 19
92 22
92 23
92 24
92 25
92 26
92 30
92 31
92 268
92 269
92 401
92 402
92 534
92 535
93 -536
93 -534
93 -270
93 -268
93 -24
93 -23
93 -22
93 -18
93 18
93 22
93 23
93 24
93 268
93 270
93 401
93 403
93 534
93 536
94 -534
94 -268
94 268
94 401
94 534
96 -500
96 -367
96 367
96 500
97 -502
97 -501
97 -369
97 -368
97 368
97 369
97 501
97 502
98 -501
98 -500
98 -368
98 -367
98 367
98 368
98 500
98 501
104 -547
104 -546
104 -545
104 -281
104 -280
104 -279
104 -148
104 -147
104 -146
104 146
104 147
104 148
104 279
104 280
104 281
104 412
104 413
104 414
104 545
104 546
104 547
105 -545
105 -279
105 -146
105 146
105 279
105 412
105 545
106 -546
106 -280
106 -147
106 147
106 280
106 413
106 546
108 -513
108 -511
108 511
108 513
109 -513
109 -512
109 512
109 513
110 -512
110 512
115 -159
115 -158
115 158
115 159
115 557
115 558
116 -160
116 -158
116 158
116 160
116 557
116 559
117 -158
117 158
117 557
119 -257
119 390
120 -259
120 -258
120 391
120 392
121 -258
121 -257
121 390
121 391
127 -703
127 -702
127 -701
127 -171
127 -170
127 -169
127 169
127 170
127 171
127 568
127 569
127 570
128 -701
128 -169
128 169
128 568
129 -702
129 -170
129 170
129 569
131 -270
131 -268
131 -137
131 -135
131 401
131 403
132 -270
132 -269
132 -137
132 -136
132 402
132 403
133 -269
133 -136
133 402
138 -714
138 -713
138 -182
138 -181
138 181
138 182
138 580
138 581
139 -715
139 -713
139 -183
139 -181
139 181
139 183
139 580
139 582
140 -713
140 -181
140 181
140 580
142 -546
142 -147
142 147
142 413
142 546
143 -548
143 -547
143 -149
143 -148
143 148
143 149
143 414
143 415
143 547
143 548
144 -547
144 -546
144 -148
144 -147
144 147
144 148
144 413
144 414
144 546
144 547
150 -460
150 -459
150 -458
150 -327
150 -326
150 -325
150 -194
150 -193
150 -192
150 192
150 193
150 194
150 325
150 326
150 327
150 458
150 459
150 460
151 -458
151 -325
151 -192
151 192
151 325
151 458
152 -459
152 -326
152 -193
152 193
152 326
152 459
154 -559
154 -557
154 158
154 160
154 424
154 426
154 557
154 559
155 -559
155 -558
155 159
155 160
155 425
155 426
155 558
155 559
156 -558
156 159
156 425
156 558
161 -737
161 -736
161 -471
161 -470
161 -338
161 -337
161 -205
161 -204
161 204
161 205
161 337
161 338
161 470
161 471
162 -738
162 -736
162 -472
162 -470
162 -339
162 -337
162 -206
162 -204
162 204
162 206
162 337
162 339
162 470
162 472
163 -736
163 -470
163 -337
163 -204
163 204
163 337
163 470
165 -702
165 -303
165 303
165 436
166 -704
166 -703
166 -305
166 -304
166 304
166 305
166 437
166 438
167 -703
167 -702
167 -304
167 -303
167 303
167 304
167 436
167 437
173 -749
173 -748
173 -747
173 -616
173 -615
173 -614
173 481
173 482
173 483
174 -747
174 -614
174 481
175 -748
175 -615
175 482
177 -715
177 -713
177 -582
177 -580
177 -316
177 -314
177 314
177 316
177 447
177 449
178 -715
178 -714
178 -582
178 -581
178 -316
178 -315
178 315
178 316
178 448
178 449
179 -714
179 -581
179 -315
179 315
179 448
184 -627
184 -626
184 493
184 494
184 626
184 627
185 -628
185 -626
185 493
185 495
185 626
185 628
186 -626
186 493
186 626
188 -725
188 -592
189 -727
189 -726
189 -594
189 -593
190 -726
190 -725
190 -593
190 -592
196 -772
196 -771
196 -770
196 504
196 505
196 506
196 637
196 638
196 639
197 -770
197 504
197 637
198 -771
198 505
198 638
200 -738
200 -736
200 -605
200 -603
200 470
200 472
200 603
200 605
201 -738
201 -737
201 -605
201 -604
201 471
201 472
201 604
201 605
202 -737
202 -604
202 471
202 604
207 -783
207 -782
207 -384
207 -383
207 -251
207 -250
207 250
207 251
208 -784
208 -782
208 -385
208 -383
208 -252
208 -250
208 250
208 252
209 -782
209 -383
209 -250
209 250
211 -748
211 -615
211 -349
211 349
211 482
211 615
212 -750
212 -749
212 -617
212 -616
212 -351
212 -350
212 350
212 351
212 483
212 484
212 616
212 617
213 -749
213 -748
213 -616
213 -615
213 -350
213 -349
213 349
213 350
213 482
213 483
213 615
213 616
219 -662
219 -661
219 -660
219 -396
219 -395
219 -394
219 -263
219 -262
219 -261
219 261
219 262
219 263
220 -660
220 -394
220 -261
220 261
221 -661
221 -395
221 -262
221 262
223 -628
223 -626
223 -362
223 -360
223 -229
223 -227
223 227
223 229
223 360
223 362
223 493
223 495
224 -628
224 -627
224 -362
224 -361
224 -229
224 -228
224 228
224 229
224 361
224 362
224 494
224 495
225 -627
225 -361
225 -228
225 228
225 361
225 494
230 -806
230 -805
230 -673
230 -672
230 -540
230 -539
230 539
230 540
231 -807
231 -805
231 -674
231 -672
231 -541
231 -539
231 539
231 541
232 -805
232 -672
232 -539
232 539
234 -771
234 -638
234 -505
234 -239
234 239
234 505
235 -773
235 -772
235 -640
235 -639
235 -507
235 -506
235 -241
235 -240
235 240
235 241
235 506
235 507
236 -772
236 -771
236 -639
236 -638
236 -506
236 -505
236 -240
236 -239
236 239
236 240
236 505
236 506
242 -818
242 -817
242 -816
242 -552
242 -551
242 -550
242 550
242 551
242 552
242 683
242 684
242 685
243 -816
243 -550
243 550
243 683
244 -817
244 -551
244 551
244 684
246 -784
246 -782
246 -518
246 -516
246 516
246 518
246 649
246 651
247 -784
247 -783
247 -518
247 -517
247 517
247 518
247 650
247 651
248 -783
248 -517
248 517
248 650
253 -696
253 -695
253 695
253 696
254 -697
254 -695
254 695
254 697
255 -695
255 695
257 -794
257 -395
257 395
257 661
258 -796
258 -795
258 -397
258 -396
258 396
258 397
258 662
258 663
259 -795
259 -794
259 -396
259 -395
259 395
259 396
259 661
259 662
265 -841
265 -840
265 -839
265 -708
265 -707
265 -706
265 -309
265 -308
265 -307
265 307
265 308
265 309
265 706
265 707
265 708
266 -839
266 -706
266 -307
266 307
266 706
267 -840
267 -707
267 -308
267 308
267 707
269 -940
269 -938
269 -807
269 -805
269 -541
269 -539
269 -408
269 -406
269 406
269 408
269 539
269 541
269 672
269 674
270 -940
270 -939
270 -807
270 -806
270 -541
270 -540
270 -408
270 -407
270 407
270 408
270 540
270 541
270 673
270 674
271 -939
271 -806
271 -540
271 -407
271 407
271 540
271 673
276 -852
276 -851
276 -586
276 -585
276 -320
276 -319
276 319
276 320
276 718
276 719
277 -853
277 -851
277 -587
277 -585
277 -321
277 -319
277 319
277 321
277 718
277 720
278 -851
278 -585
278 -319
278 319
278 718
280 -950
280 -817
280 -551
280 551
280 684
281 -952
281 -951
281 -819
281 -818
281 -553
281 -552
281 552
281 553
281 685
281 686
282 -951
282 -950
282 -818
282 -817
282 -552
282 -551
282 551
282 552
282 684
282 685
288 -731
288 -730
288 -729
288 -598
288 -597
288 -596
288 -465
288 -464
288 -463
288 463
288 464
288 465
288 596
288 597
288 598
289 -729
289 -596
289 -463
289 463
289 596
290 -730
290 -597
290 -464
290 464
290 597
292 -963
292 -961
292 -298
292 -296
292 296
292 298
292 695
292 697
293 -963
293 -962
293 -298
293 -297
293 297
293 298
293 696
293 697
294 -962
294 -297
294 297
294 696
299 -742
299 -741
299 -476
299 -475
299 475
299 476
299 608
299 609
300 -743
300 -741
300 -477
300 -475
300 475
300 477
300 608
300 610
301 -741
301 -475
301 475
301 608
303 -973
303 -840
303 -308
303 308
303 707
304 -975
304 -974
304 -842
304 -841
304 -310
304 -309
304 309
304 310
304 708
304 709
305 -974
305 -973
305 -841
305 -840
305 -309
305 -308
305 308
305 309
305 707
305 708
311 -887
311 -886
311 -885
311 -621
311 -620
311 -619
311 619
311 620
311 621
312 -885
312 -619
312 619
313 -886
313 -620
313 620
315 -853
315 -851
315 -587
315 -585
315 585
315 587
316 -853
316 -852
316 -587
316 -586
316 586
316 587
317 -852
317 -586
317 586
322 -898
322 -897
322 -765
322 -764
322 -632
322 -631
322 631
322 632
322 764
322 765
323 -899
323 -897
323 -766
323 -764
323 -633
323 -631
323 631
323 633
323 764
323 766
324 -897
324 -764
324 -631
324 631
324 764
326 -730
326 -597
326 597
326 730
327 -732
327 -731
327 -599
327 -598
327 598
327 599
327 731
327 732
328 -731
328 -730
328 -598
328 -597
328 597
328 598
328 730
328 731
334 -777
334 -776
334 -775
334 -511
334 -510
334 -509
334 -378
334 -377
334 -376
334 509
334 510
334 511
334 642
334 643
334 644
334 775
334 776
334 777
335 -775
335 -509
335 -376
335 509
335 642
335 775
336 -776
336 -510
336 -377
336 510
336 643
336 776
338 -743
338 -741
338 -344
338 -342
338 342
338 344
338 741
338 743
339 -743
339 -742
339 -344
339 -343
339 343
339 344
339 742
339 743
340 -742
340 -343
340 343
340 742
345 -655
345 -654
345 -522
345 -521
345 -389
345 -388
345 388
345 389
345 521
345 522
345 654
345 655
346 -656
346 -654
346 -523
346 -521
346 -390
346 -388
346 388
346 390
346 521
346 523
346 654
346 656
347 -654
347 -521
347 -388
347 388
347 521
347 654
349 -886
349 -753
349 -354
349 354
350 -888
350 -887
350 -755
350 -754
350 -356
350 -355
350 355
350 356
351 -887
351 -886
351 -754
351 -753
351 -355
351 -354
351 354
351 355
357 -933
357 -932
357 -931
357 -667
357 -666
357 -665
357 399
357 400
357 401
358 -931
358 -665
358 399
359 -932
359 -666
359 400
361 -899
361 -897
361 -766
361 -764
362 -899
362 -898
362 -766
362 -765
363 -898
363 -765
368 -944
368 -943
368 -811
368 -810
368 -545
368 -544
368 544
368 545
368 810
368 811
369 -945
369 -943
369 -812
369 -810
369 -546
369 -544
369 544
369 546
369 810
369 812
370 -943
370 -810
370 -544
370 544
370 810
372 -776
372 643
372 776
373 -778
373 -777
373 644
373 645
373 777
373 778
374 -777
374 -776
374 643
374 644
374 776
374 777
380 -956
380 -955
380 -954
380 -823
380 -822
380 -821
380 -690
380 -689
380 -688
380 -557
380 -556
380 -555
380 555
380 556
380 557
380 688
380 689
380 690
380 821
380 822
380 823
381 -954
381 -821
381 -688
381 -555
381 555
381 688
381 821
382 -955
382 -822
382 -689
382 -556
382 556
382 689
382 822
384 -789
384 -787
384 -390
384 -388
384 388
384 390
384 654
384 656
384 787
384 789
385 -789
385 -788
385 -390
385 -389
385 389
385 390
385 655
385 656
385 788
385 789
386 -788
386 -389
386 389
386 655
386 788
391 -967
391 -966
391 -701
391 -700
391 -435
391 -434
391 434
391 435
391 700
391 701
392 -968
392 -966
392 -702
392 -700
392 -436
392 -434
392 434
392 436
392 700
392 702
393 -966
393 -700
393 -434
393 434
393 700
395 -932
395 -400
395 400
396 -934
396 -933
396 -402
396 -401
396 401
396 402
397 -933
397 -932
397 -401
397 -400
397 400
397 401
403 -846
403 -845
403 -844
403 -580
403 -579
403 -578
403 -447
403 -446
403 -445
403 445
403 446
403 447
403 578
403 579
403 580
403 844
403 845
403 846
404 -844
404 -578
404 -445
404 445
404 578
404 844
405 -845
405 -579
405 -446
405 446
405 579
405 845
407 -945
407 -943
407 -812
407 -810
407 -546
407 -544
407 -413
407 -411
407 411
407 413
407 544
407 546
407 810
407 812
407 943
407 945
408 -945
408 -944
408 -812
408 -811
408 -546
408 -545
408 -413
408 -412
408 412
408 413
408 545
408 546
408 811
408 812
408 944
408 945
409 -944
409 -811
409 -545
409 -412
409 412
409 545
409 811
409 944
414 -857
414 -856
414 -591
414 -590
414 590
414 591
414 856
414 857
415 -858
415 -856
415 -592
415 -590
415 590
415 592
415 856
415 858
416 -856
416 -590
416 590
416 856
418 -822
418 -556
418 -423
418 423
418 556
418 689
418 822
418 955
419 -824
419 -823
419 -558
419 -557
419 -425
419 -424
419 424
419 425
419 557
419 558
419 690
419 691
419 823
419 824
419 956
419 957
420 -823
420 -822
420 -557
420 -556
420 -424
420 -423
420 423
420 424
420 556
420 557
420 689
420 690
420 822
420 823
420 955
420 956
426 -1002
426 -1001
426 -1000
426 -869
426 -868
426 -867
426 -736
426 -735
426 -734
426 -470
426 -469
426 -468
426 468
426 469
426 470
426 734
426 735
426 736
427 -1000
427 -867
427 -734
427 -468
427 468
427 734
428 -1001
428 -868
428 -735
428 -469
428 469
428 735
430 -968
430 -966
430 -835
430 -833
430 -436
430 -434
430 434
430 436
430 700
430 702
430 833
430 835
430 966
430 968
431 -968
431 -967
431 -835
431 -834
431 -436
431 -435
431 435
431 436
431 701
431 702
431 834
431 835
431 967
431 968
432 -967
432 -834
432 -435
432 435
432 701
432 834
432 967
437 -1013
437 -1012
437 -880
437 -879
437 -747
437 -746
437 -614
437 -613
437 -481
437 -480
437 480
437 481
437 613
437 614
437 746
437 747
438 -1014
438 -1012
438 -881
438 -879
438 -748
438 -746
438 -615
438 -613
438 -482
438 -480
438 480
438 482
438 613
438 615
438 746
438 748
439 -1012
439 -879
439 -746
439 -613
439 -480
439 480
439 613
439 746
441 -845
441 -579
441 -446
441 446
441 579
441 712
441 845
441 978
442 -847
442 -846
442 -581
442 -580
442 -448
442 -447
442 447
442 448
442 580
442 581
442 713
442 714
442 846
442 847
442 979
442 980
443 -846
443 -845
443 -580
443 -579
443 -447
443 -446
443 446
443 447
443 579
443 580
443 712
443 713
443 845
443 846
443 978
443 979
449 -1025
449 -1024
449 -1023
449 -892
449 -891
449 -890
449 -626
449 -625
449 -624
449 624
449 625
449 626
449 890
449 891
449 892
450 -1023
450 -890
450 -624
450 624
450 890
451 -1024
451 -891
451 -625
451 625
451 891
453 -858
453 -856
453 -592
453 -590
453 590
453 592
453 723
453 725
453 856
453 858
454 -858
454 -857
454 -592
454 -591
454 591
454 592
454 724
454 725
454 857
454 858
455 -857
455 -591
455 591
455 724
455 857
460 -1036
460 -1035
460 -903
460 -902
460 -770
460 -769
460 -504
460 -503
460 503
460 504
460 769
460 770
460 902
460 903
461 -1037
461 -1035
461 -904
461 -902
461 -771
461 -769
461 -505
461 -503
461 503
461 505
461 769
461 771
461 902
461 904
462 -1035
462 -902
462 -769
462 -503
462 503
462 769
462 902
464 735
465 736
465 737
466 735
466 736
472 -1048
472 -1047
472 -1046
472 -782
472 -781
472 -780
472 -516
472 -515
472 -514
472 514
472 515
472 516
472 780
472 781
472 782
473 -1046
473 -780
473 -514
473 514
473 780
474 -1047
474 -781
474 -515
474 515
474 781
476 -881
476 -879
476 746
476 748
477 -881
477 -880
477 747
477 748
478 -880
478 747
483 -1059
483 -1058
483 -926
483 -925
483 -660
483 -659
483 659
483 660
484 -1060
484 -1058
484 -927
484 -925
484 -661
484 -659
484 659
484 661
485 -1058
485 -925
485 -659
485 659
487 -1024
487 -891
487 -625
487 625
488 -1026
488 -1025
488 -893
488 -892
488 -627
488 -626
488 626
488 627
489 -1025
489 -1024
489 -892
489 -891
489 -626
489 -625
489 625
489 626
495 -938
495 -937
495 -936
495 -672
495 -671
495 -670
495 -539
495 -538
495 -537
495 537
495 538
495 539
495 670
495 671
495 672
496 -936
496 -670
496 -537
496 537
496 670
497 -937
497 -671
497 -538
497 538
497 671
499 -771
499 -769
499 -638
499 -636
499 636
499 638
499 769
499 771
499 902
499 904
500 -771
500 -770
500 -638
500 -637
500 637
500 638
500 770
500 771
500 903
500 904
501 -770
501 -637
501 637
501 770
501 903
506 -949
506 -948
506 -816
506 -815
506 -550
506 -549
506 549
506 550
506 815
506 816
506 948
506 949
507 -950
507 -948
507 -817
507 -815
507 -551
507 -549
507 549
507 551
507 815
507 817
507 948
507 950
508 -948
508 -815
508 -549
508 549
508 815
508 948
510 -781
510 781
510 914
511 -783
511 -782
511 782
511 783
511 915
511 916
512 -782
512 -781
512 781
512 782
512 914
512 915
518 -1094
518 -1093
518 -1092
518 -961
518 -960
518 -959
518 -828
518 -827
518 -826
518 -695
518 -694
518 -693
518 -562
518 -561
518 -560
518 560
518 561
518 562
518 693
518 694
518 695
518 826
518 827
518 828
518 959
518 960
518 961
519 -1092
519 -959
519 -826
519 -693
519 -560
519 560
519 693
519 826
519 959
520 -1093
520 -960
520 -827
520 -694
520 -561
520 561
520 694
520 827
520 960
522 -927
522 -925
523 -927
523 -926
524 -926
529 -1105
529 -1104
529 -972
529 -971
529 -706
529 -705
529 -573
529 -572
529 572
529 573
529 705
529 706
530 -1106
530 -1104
530 -973
530 -971
530 -707
530 -705
530 -574
530 -572
530 572
530 574
530 705
530 707
531 -1104
531 -971
531 -705
531 -572
531 572
531 705
533 -937
534 -939
534 -938
535 -938
535 -937
541 -984
541 -983
541 -982
541 -585
541 -584
541 -583
541 583
541 584
541 585
542 -982
542 -583
542 583
543 -983
543 -584
543 584
545 -817
545 -815
545 -684
545 -682
545 -551
545 -549
545 549
545 551
545 682
545 684
545 815
545 817
546 -817
546 -816
546 -684
546 -683
546 -551
546 -550
546 550
546 551
546 683
546 684
546 816
546 817
547 -816
547 -683
547 -550
547 550
547 683
547 816
552 -596
552 -595
552 595
552 596
553 -597
553 -595
553 595
553 597
554 -595
554 595
556 -960
556 -827
556 -694
556 -561
556 561
556 694
556 827
557 -962
557 -961
557 -829
557 -828
557 -696
557 -695
557 -563
557 -562
557 562
557 563
557 695
557 696
557 828
557 829
558 -961
558 -960
558 -828
558 -827
558 -695
558 -694
558 -562
558 -561
558 561
558 562
558 694
558 695
558 827
558 828
564 -741
564 -740
564 -739
564 739
564 740
564 741
564 872
564 873
564 874
565 -739
565 739
565 872
566 -740
566 740
566 873
568 -574
568 -572
568 572
568 574
568 971
568 973
569 -574
569 -573
569 573
569 574
569 972
569 973
570 -573
570 573
570 972
575 -1151
575 -1150
575 -1018
575 -1017
575 -752
575 -751
575 -619
575 -618
575 618
575 619
575 751
575 752
575 884
575 885
576 -1152
576 -1150
576 -1019
576 -1017
576 -753
576 -751
576 -620
576 -618
576 618
576 620
576 751
576 753
576 884
576 886
577 -1150
577 -1017
577 -751
577 -618
577 618
577 751
577 884
579 -584
579 584
579 850
580 -586
580 -585
580 585
580 586
580 851
580 852
581 -585
581 -584
581 584
581 585
581 850
581 851
587 -1163
587 -1162
587 -1161
587 -1030
587 -1029
587 -1028
587 -631
587 -630
587 -629
587 629
587 630
587 631
588 -1161
588 -1028
588 -629
588 629
589 -1162
589 -1029
589 -630
589 630
591 -597
591 -595
591 595
591 597
591 861
591 863
592 -597
592 -596
592 596
592 597
592 862
592 863
593 -596
593 596
593 862
598 -1174
598 -1173
598 -642
598 -641
598 641
598 642
599 -1175
599 -1173
599 -643
599 -641
599 641
599 643
600 -1173
600 -641
600 641
602 -1006
602 873
603 -1008
603 -1007
603 874
603 875
604 -1007
604 -1006
604 873
604 874
610 -1186
610 -1185
610 -1184
610 -654
610 -653
610 -652
610 652
610 653
610 654
611 -1184
611 -652
611 652
612 -1185
612 -653
612 653
614 -1152
614 -1150
614 -886
614 -884
614 -620
614 -618
614 618
614 620
614 884
614 886
615 -1152
615 -1151
615 -886
615 -885
615 -620
615 -619
615 619
615 620
615 885
615 886
616 -1151
616 -885
616 -619
616 619
616 885
621 -1064
621 -1063
621 -798
621 -797
621 -665
621 -664
621 664
621 665
621 797
621 798
621 1063
621 1064
622 -1065
622 -1063
622 -799
622 -797
622 -666
622 -664
622 664
622 666
622 797
622 799
622 1063
622 1065
623 -1063
623 -797
623 -664
623 664
623 797
623 1063
625 -1162
625 -896
625 -630
625 630
625 896
625 1029
626 -1164
626 -1163
626 -898
626 -897
626 -632
626 -631
626 631
626 632
626 897
626 898
626 1030
626 1031
627 -1163
627 -1162
627 -897
627 -896
627 -631
627 -630
627 630
627 631
627 896
627 897
627 1029
627 1030
633 -1076
633 -1075
633 -1074
633 -943
633 -942
633 -941
633 -810
633 -809
633 -808
633 -677
633 -676
633 -675
633 675
633 676
633 677
633 808
633 809
633 810
633 1074
633 1075
633 1076
634 -1074
634 -941
634 -808
634 -675
634 675
634 808
634 1074
635 -1075
635 -942
635 -809
635 -676
635 676
635 809
635 1075
637 -1175
637 -1173
637 -643
637 -641
637 641
637 643
638 -1175
638 -1174
638 -643
638 -642
638 642
638 643
639 -1174
639 -642
639 642
644 -1087
644 -1086
644 -954
644 -953
644 1086
644 1087
645 -1088
645 -1086
645 -955
645 -953
645 1086
645 1088
646 -1086
646 -953
646 1086
648 -1185
648 -919
648 -653
648 653
648 1052
649 -1187
649 -1186
649 -921
649 -920
649 -655
649 -654
649 654
649 655
649 1053
649 1054
650 -1186
650 -1185
650 -920
650 -919
650 -654
650 -653
650 653
650 654
650 1052
650 1053
656 -1099
656 -1098
656 -1097
656 1097
656 1098
656 1099
657 -1097
657 1097
658 -1098
658 1098
660 -1198
660 -1196
660 -1065
660 -1063
660 -932
660 -930
660 -666
660 -664
660 664
660 666
660 930
660 932
660 1063
660 1065
661 -1198
661 -1197
661 -1065
661 -1064
661 -932
661 -931
661 -666
661 -665
661 665
661 666
661 931
661 932
661 1064
661 1065
662 -1197
662 -1064
662 -931
662 -665
662 665
662 931
662 1064
667 -1110
667 -1109
668 -1111
668 -1109
669 -1109
671 -809
671 -676
671 676
671 809
671 942
672 -811
672 -810
672 -678
672 -677
672 677
672 678
672 810
672 811
672 943
672 944
673 -810
673 -809
673 -677
673 -676
673 676
673 677
673 809
673 810
673 942
673 943
679 -989
679 -988
679 -987
679 -723
679 -722
679 -721
679 721
679 722
679 723
679 987
679 988
679 989
680 -987
680 -721
680 721
680 987
681 -988
681 -722
681 722
681 988
683 -822
683 -820
683 820
683 822
683 953
683 955
684 -822
684 -821
684 821
684 822
684 954
684 955
685 -821
685 821
685 954
690 -1000
690 -999
690 -867
690 -866
690 -734
690 -733
690 733
690 734
690 999
690 1000
690 1132
690 1133
691 -1001
691 -999
691 -868
691 -866
691 -735
691 -733
691 733
691 735
691 999
691 1001
691 1132
691 1134
692 -999
692 -866
692 -733
692 733
692 999
692 1132
694 -1231
694 -965
694 965
694 1098
695 -1233
695 -1232
695 -967
695 -966
695 966
695 967
695 1099
695 1100
696 -1232
696 -1231
696 -966
696 -965
696 965
696 966
696 1098
696 1099
702 -1278
702 -1277
702 -1276
702 -879
702 -878
702 -877
702 1010
702 1011
702 1012
702 1143
702 1144
702 1145
703 -1276
703 -877
703 1010
703 1143
704 -1277
704 -878
704 1011
704 1144
706 -1244
706 -1242
706 -978
706 -976
706 1109
706 1111
707 -1244
707 -1243
707 -978
707 -977
707 1110
707 1111
708 -1243
708 -977
708 1110
713 -1289
713 -1288
713 1022
713 1023
713 1155
713 1156
714 -1290
714 -1288
714 1022
714 1024
714 1155
714 1157
715 -1288
715 1022
715 1155
717 -855
717 -722
717 722
717 855
717 1121
718 -857
718 -856
718 -724
718 -723
718 723
718 724
718 856
718 857
718 1122
718 1123
719 -856
719 -855
719 -723
719 -722
719 722
719 723
719 855
719 856
719 1121
719 1122
725 -1301
725 -1300
725 -1299
725 1033
725 1034
725 1035
725 1166
725 1167
725 1168
726 -1299
726 1033
726 1166
727 -1300
727 1034
727 1167
729 -1001
729 -999
729 -868
729 -866
729 -735
729 -733
729 733
729 735
729 866
729 868
729 1132
729 1134
730 -1001
730 -1000
730 -868
730 -867
730 -735
730 -734
730 734
730 735
730 867
730 868
730 1133
730 1134
731 -1000
731 -867
731 -734
731 734
731 867
731 1133
736 -1312
736 -1311
736 -913
736 -912
736 1178
736 1179
737 -1313
737 -1311
737 -914
737 -912
737 1178
737 1180
738 -1311
738 -912
738 1178
740 -1277
740 1011
740 1144
741 -1279
741 -1278
741 1012
741 1013
741 1145
741 1146
742 -1278
742 -1277
742 1011
742 1012
742 1144
742 1145
748 -1324
748 -1323
748 -1322
748 -925
748 -924
748 -923
748 1056
748 1057
748 1058
748 1189
748 1190
748 1191
749 -1322
749 -923
749 1056
749 1189
750 -1323
750 -924
750 1057
750 1190
752 -1290
752 -1288
752 1155
752 1157
753 -1290
753 -1289
753 1156
753 1157
754 -1289
754 1156
759 -1335
759 -1334
759 -1202
759 -1201
759 1068
759 1069
760 -1336
760 -1334
760 -1203
760 -1201
760 1068
760 1070
761 -1334
761 -1201
761 1068
771 -1214
771 -1213
771 -1212
771 946
771 947
771 948
771 1079
771 1080
771 1081
772 -1212
772 946
772 1079
773 -1213
773 947
773 1080
775 -1313
775 -1311
775 -1180
775 -1178
776 -1313
776 -1312
776 -1180
776 -1179
777 -1312
777 -1179
782 -1358
782 -1357
782 -1225
782 -1224
782 958
782 959
782 1091
782 1092
782 1224
782 1225
783 -1359
783 -1357
783 -1226
783 -1224
783 958
783 960
783 1091
783 1093
783 1224
783 1226
784 -1357
784 -1224
784 958
784 1091
784 1224
786 -1323
786 -1190
786 -1057
786 -924
786 924
786 1190
787 -1325
787 -1324
787 -1192
787 -1191
787 -1059
787 -1058
787 -926
787 -925
787 925
787 926
787 1191
787 1192
788 -1324
788 -1323
788 -1191
788 -1190
788 -1058
788 -1057
788 -925
788 -924
788 924
788 925
788 1190
788 1191
794 -1370
794 -1369
794 -1368
794 -1237
794 -1236
794 -1235
794 -838
794 -837
794 -836
794 836
794 837
794 838
794 1102
794 1103
794 1104
794 1235
794 1236
794 1237
795 -1368
795 -1235
795 -836
795 836
795 1102
795 1235
796 -1369
796 -1236
796 -837
796 837
796 1103
796 1236
798 -1336
798 -1334
798 -1203
798 -1201
798 -1070
798 -1068
798 -937
798 -935
798 935
798 937
798 1068
798 1070
798 1201
798 1203
799 -1336
799 -1335
799 -1203
799 -1202
799 -1070
799 -1069
799 -937
799 -936
799 936
799 937
799 1069
799 1070
799 1202
799 1203
800 -1335
800 -1202
800 -1069
800 -936
800 936
800 1069
800 1202
805 -1248
805 -1247
805 -849
805 -848
805 848
805 849
805 1114
805 1115
806 -1249
806 -1247
806 -850
806 -848
806 848
806 850
806 1114
806 1116
807 -1247
807 -848
807 848
807 1114
809 -1346
809 -1213
809 1213
810 -1348
810 -1347
810 -1215
810 -1214
810 1214
810 1215
811 -1347
811 -1346
811 -1214
811 -1213
811 1213
811 1214
817 -1260
817 -1259
817 -1258
817 -861
817 -860
817 -859
817 859
817 860
817 861
818 -1258
818 -859
818 859
819 -1259
819 -860
819 860
821 -1492
821 -1490
821 -1226
821 -1224
821 -960
821 -958
821 958
821 960
821 1224
821 1226
822 -1492
822 -1491
822 -1226
822 -1225
822 -960
822 -959
822 959
822 960
822 1225
822 1226
823 -1491
823 -1225
823 -959
823 959
823 1225
828 -1404
828 -1403
828 -872
828 -871
828 871
828 872
829 -1405
829 -1403
829 -873
829 -871
829 871
829 873
830 -1403
830 -871
830 871
832 -1502
832 -1369
832 -1236
832 -970
832 970
832 1236
833 -1504
833 -1503
833 -1371
833 -1370
833 -1238
833 -1237
833 -972
833 -971
833 971
833 972
833 1237
833 1238
834 -1503
834 -1502
834 -1370
834 -1369
834 -1237
834 -1236
834 -971
834 -970
834 970
834 971
834 1236
834 1237
840 -1416
840 -1415
840 -1414
840 -1283
840 -1282
840 -1281
840 -884
840 -883
840 -882
840 882
840 883
840 884
840 1148
840 1149
840 1150
840 1281
840 1282
840 1283
841 -1414
841 -1281
841 -882
841 882
841 1148
841 1281
842 -1415
842 -1282
842 -883
842 883
842 1149
842 1282
844 -1515
844 -1513
844 -1382
844 -1380
844 -1249
844 -1247
844 -850
844 -848
844 981
844 983
844 1114
844 1116
845 -1515
845 -1514
845 -1382
845 -1381
845 -1249
845 -1248
845 -850
845 -849
845 982
845 983
845 1115
845 1116
846 -1514
846 -1381
846 -1248
846 -849
846 982
846 1115
851 -1294
851 -1293
851 1160
851 1161
851 1293
851 1294
852 -1295
852 -1293
852 1160
852 1162
852 1293
852 1295
853 -1293
853 1160
853 1293
855 -1525
855 -860
855 860
855 993
856 -1527
856 -1526
856 -862
856 -861
856 861
856 862
856 994
856 995
857 -1526
857 -1525
857 -861
857 -860
857 860
857 861
857 993
857 994
867 -1272
867 -1270
867 -1006
867 -1004
867 -873
867 -871
867 871
867 873
867 1004
867 1006
867 1137
867 1139
867 1270
867 1272
868 -1272
868 -1271
868 -1006
868 -1005
868 -873
868 -872
868 872
868 873
868 1005
868 1006
868 1138
868 1139
868 1271
868 1272
869 -1271
869 -1005
869 -872
869 872
869 1005
869 1138
869 1271
874 -1450
874 -1449
875 -1451
875 -1449
876 -1449
878 -1282
878 -1016
878 -883
878 883
878 1016
878 1149
878 1282
879 -1284
879 -1283
879 -1018
879 -1017
879 -885
879 -884
879 884
879 885
879 1017
879 1018
879 1150
879 1151
879 1283
879 1284
880 -1283
880 -1282
880 -1017
880 -1016
880 -884
880 -883
880 883
880 884
880 1016
880 1017
880 1149
880 1150
880 1282
880 1283
886 -1462
886 -1461
886 -1460
886 -1329
886 -1328
886 -1327
886 1327
886 1328
886 1329
887 -1460
887 -1327
887 1327
888 -1461
888 -1328
888 1328
890 -896
890 -894
890 894
890 896
890 1160
890 1162
891 -896
891 -895
891 895
891 896
891 1161
891 1162
892 -895
892 895
892 1161
897 -1473
897 -1472
897 -1340
897 -1339
897 -1207
897 -1206
897 -1074
897 -1073
897 1073
897 1074
897 1206
897 1207
897 1339
897 1340
898 -1474
898 -1472
898 -1341
898 -1339
898 -1208
898 -1206
898 -1075
898 -1073
898 1073
898 1075
898 1206
898 1208
898 1339
898 1341
899 -1472
899 -1339
899 -1206
899 -1073
899 1073
899 1206
899 1339
901 -1438
901 -1039
901 -906
901 906
901 1172
902 -1440
902 -1439
902 -1041
902 -1040
902 -908
902 -907
902 907
902 908
902 1173
902 1174
903 -1439
903 -1438
903 -1040
903 -1039
903 -907
903 -906
903 906
903 907
903 1172
903 1173
909 -1485
909 -1484
909 -1483
909 -1219
909 -1218
909 -1217
909 -1086
909 -1085
909 -1084
909 1084
909 1085
909 1086
909 1217
909 1218
909 1219
910 -1483
910 -1217
910 -1084
910 1084
910 1217
911 -1484
911 -1218
911 -1085
911 1085
911 1218
913 -1451
913 -1449
913 -1318
913 -1316
913 1183
913 1185
913 1316
913 1318
914 -1451
914 -1450
914 -1318
914 -1317
914 1184
914 1185
914 1317
914 1318
915 -1450
915 -1317
915 1184
915 1317
920 -1363
920 -1362
920 1362
920 1363
921 -1364
921 -1362
921 1362
921 1364
922 -1362
922 1362
924 -1328
924 -929
924 929
924 1195
924 1328
925 -1330
925 -1329
925 -931
925 -930
925 930
925 931
925 1196
925 1197
925 1329
925 1330
926 -1329
926 -1328
926 -930
926 -929
926 929
926 930
926 1195
926 1196
926 1328
926 1329
932 -1375
932 -1374
932 -1373
932 1373
932 1374
932 1375
933 -1373
933 1373
934 -1374
934 1374
936 -1075
936 -1073
936 -942
936 -940
936 940
936 942
937 -1075
937 -1074
937 -942
937 -941
937 941
937 942
938 -1074
938 -941
938 941
943 -1519
943 -1518
943 -1386
943 -1385
943 -1253
943 -1252
943 1252
943 1253
944 -1520
944 -1518
944 -1387
944 -1385
944 -1254
944 -1252
944 1252
944 1254
945 -1518
945 -1385
945 -1252
945 1252
947 -1484
947 -1351
947 -1218
947 -952
947 952
947 1085
947 1218
947 1351
948 -1486
948 -1485
948 -1353
948 -1352
948 -1220
948 -1219
948 -954
948 -953
948 953
948 954
948 1086
948 1087
948 1219
948 1220
948 1352
948 1353
949 -1485
949 -1484
949 -1352
949 -1351
949 -1219
949 -1218
949 -953
949 -952
949 952
949 953
949 1085
949 1086
949 1218
949 1219
949 1351
949 1352
955 -1531
955 -1530
955 -1529
955 -1398
955 -1397
955 -1396
955 -1265
955 -1264
955 -1263
955 -1132
955 -1131
955 -1130
955 -999
955 -998
955 -997
955 997
955 998
955 999
955 1130
955 1131
955 1132
955 1263
955 1264
955 1265
956 -1529
956 -1396
956 -1263
956 -1130
956 -997
956 997
956 1130
956 1263
957 -1530
957 -1397
957 -1264
957 -1131
957 -998
957 998
957 1131
957 1264
959 -1497
959 -1495
959 -1364
959 -1362
959 -1231
959 -1229
959 -965
959 -963
959 963
959 965
959 1096
959 1098
959 1229
959 1231
959 1362
959 1364
959 1495
959 1497
960 -1497
960 -1496
960 -1364
960 -1363
960 -1231
960 -1230
960 -965
960 -964
960 964
960 965
960 1097
960 1098
960 1230
960 1231
960 1363
960 1364
960 1496
960 1497
961 -1496
961 -1363
961 -1230
961 -964
961 964
961 1097
961 1230
961 1363
961 1496
965 -1692
965 -1691
966 -1693
966 -1690
966 -1542
966 -1541
966 -1409
966 -1408
966 -1143
966 -1142
966 -1010
966 -1009
966 1009
966 1010
966 1142
966 1143
966 1408
966 1409
967 -1693
967 -1685
967 -1543
967 -1541
967 -1410
967 -1408
967 -1144
967 -1142
967 -1011
967 -1009
967 1009
967 1011
967 1142
967 1144
967 1408
967 1410
968 -1693
968 -1690
968 -1686
968 -1684
968 -1541
968 -1408
968 -1142
968 -1009
968 1009
968 1142
968 1408
969 -1693
969 -1692
969 -1690
969 -1689
969 -1687
969 -1686
969 -1684
969 -1683
970 -1689
970 -1687
970 -1374
970 -975
970 975
970 1241
970 1374
970 1507
971 -1690
971 -1689
971 -1687
971 -1686
971 -1376
971 -1375
971 -977
971 -976
971 976
971 977
971 1242
971 1243
971 1375
971 1376
971 1508
971 1509
972 -1375
972 -1374
972 -976
972 -975
972 975
972 976
972 1241
972 1242
972 1374
972 1375
972 1507
972 1508
976 -1692
976 -1691
976 -1690
976 -1686
976 -1685
976 -1684
977 -1693
977 -1683
978 -1693
978 -1689
978 -1687
978 -1683
978 -1554
978 -1553
978 -1552
978 -1421
978 -1420
978 -1419
978 -1288
978 -1287
978 -1286
978 1286
978 1287
978 1288
978 1419
978 1420
978 1421
979 -1692
979 -1691
979 -1690
979 -1686
979 -1685
979 -1684
979 -1552
979 -1419
979 -1286
979 1286
979 1419
980 -1691
980 -1685
980 -1553
980 -1420
980 -1287
980 1287
980 1420
982 -1520
982 -1518
982 -1387
982 -1385
982 1252
982 1254
982 1385
982 1387
982 1518
982 1520
983 -1520
983 -1519
983 -1387
983 -1386
983 1253
983 1254
983 1386
983 1387
983 1519
983 1520
984 -1519
984 -1386
984 1253
984 1386
984 1519
989 -1565
989 -1564
989 -1299
989 -1298
989 1298
989 1299
990 -1566
990 -1564
990 -1300
990 -1298
990 1298
990 1300
991 -1564
991 -1298
991 1298
992 -1692
992 -1691
993 -1692
993 -1691
993 -1668
993 -1131
993 -998
993 998
993 1264
993 1530
994 -1672
994 -1671
994 -1668
994 -1133
994 -1132
994 -1000
994 -999
994 999
994 1000
994 1265
994 1266
994 1531
994 1532
995 -1673
995 -1667
995 -1653
995 -1652
995 -1132
995 -1131
995 -999
995 -998
995 998
995 999
995 1264
995 1265
995 1530
995 1531
996 -1674
996 -1673
996 -1670
996 -1668
996 -1653
996 -1652
997 -1673
997 -1672
997 -1668
998 -1672
998 -1671
998 -1670
999 -1659
999 -1658
999 -1654
999 -1653
1000 -1672
1000 -1671
1000 -1670
1000 -1660
1000 -1657
1000 -1655
1000 -1652
1001 -1673
1001 -1672
1001 -1668
1001 -1661
1001 -1651
1001 -1577
1001 -1576
1001 -1575
1001 -1444
1001 -1443
1001 -1442
1001 -1178
1001 -1177
1001 -1176
1001 1176
1001 1177
1001 1178
1002 -1680
1002 -1679
1002 -1674
1002 -1673
1002 -1670
1002 -1668
1002 -1662
1002 -1661
1002 -1651
1002 -1650
1002 -1575
1002 -1442
1002 -1176
1002 1176
1003 -1680
1003 -1679
1003 -1673
1003 -1667
1003 -1661
1003 -1651
1003 -1576
1003 -1443
1003 -1177
1003 1177
1004 -1672
1004 -1671
1004 -1668
1004 -1660
1004 -1657
1004 -1655
1004 -1652
1005 -1668
1005 -1659
1005 -1658
1005 -1654
1005 -1653
1005 -1410
1005 -1408
1005 -1277
1005 -1275
1005 -1144
1005 -1142
1005 -1011
1005 -1009
1005 1009
1005 1011
1005 1275
1005 1277
1005 1408
1005 1410
1006 -1410
1006 -1409
1006 -1277
1006 -1276
1006 -1144
1006 -1143
1006 -1011
1006 -1010
1006 1010
1006 1011
1006 1276
1006 1277
1006 1409
1006 1410
1007 -1409
1007 -1276
1007 -1143
1007 -1010
1007 1010
1007 1276
1007 1409
1012 -1455
1012 -1454
1012 -1189
1012 -1188
1012 -1056
1012 -1055
1012 1055
1012 1056
1012 1188
1012 1189
1013 -1456
1013 -1454
1013 -1190
1013 -1188
1013 -1057
1013 -1055
1013 1055
1013 1057
1013 1188
1013 1190
1014 -1454
1014 -1188
1014 -1055
1014 1055
1014 1188
1016 -1420
1016 -1287
1016 1154
1016 1287
1016 1420
1017 -1422
1017 -1421
1017 -1289
1017 -1288
1017 1155
1017 1156
1017 1288
1017 1289
1017 1421
1017 1422
1018 -1421
1018 -1420
1018 -1288
1018 -1287
1018 1154
1018 1155
1018 1287
1018 1288
1018 1420
1018 1421
1024 -1467
1024 -1466
1024 -1465
1024 -1334
1024 -1333
1024 -1332
1024 -1068
1024 -1067
1024 -1066
1024 1066
1024 1067
1024 1068
1024 1332
1024 1333
1024 1334
1024 1465
1024 1466
1024 1467
1025 -1465
1025 -1332
1025 -1066
1025 1066
1025 1332
1025 1465
1026 -1466
1026 -1333
1026 -1067
1026 1067
1026 1333
1026 1466
1035 -1478
1035 -1477
1035 -1345
1035 -1344
1035 -1212
1035 -1211
1035 -1079
1035 -1078
1035 1078
1035 1079
1035 1211
1035 1212
1035 1344
1035 1345
1035 1477
1035 1478
1036 -1479
1036 -1477
1036 -1346
1036 -1344
1036 -1213
1036 -1211
1036 -1080
1036 -1078
1036 1078
1036 1080
1036 1211
1036 1213
1036 1344
1036 1346
1036 1477
1036 1479
1037 -1477
1037 -1344
1037 -1211
1037 -1078
1037 1078
1037 1211
1037 1344
1037 1477
1039 -1576
1039 -1310
1039 -1044
1039 1044
1039 1310
1040 -1578
1040 -1577
1040 -1312
1040 -1311
1040 -1046
1040 -1045
1040 1045
1040 1046
1040 1311
1040 1312
1041 -1577
1041 -1576
1041 -1311
1041 -1310
1041 -1045
1041 -1044
1041 1044
1041 1045
1041 1310
1041 1311
1047 -1490
1047 -1489
1047 -1488
1047 -1224
1047 -1223
1047 -1222
1047 -1091
1047 -1090
1047 -1089
1047 1089
1047 1090
1047 1091
1047 1222
1047 1223
1047 1224
1048 -1488
1048 -1222
1048 -1089
1048 1089
1048 1222
1049 -1489
1049 -1223
1049 -1090
1049 1090
1049 1223
1051 -1323
1051 -1321
1051 -1057
1051 -1055
1051 1055
1051 1057
1051 1321
1051 1323
1052 -1323
1052 -1322
1052 -1057
1052 -1056
1052 1056
1052 1057
1052 1322
1052 1323
1053 -1322
1053 -1056
1053 1056
1053 1322
1058 -1501
1058 -1500
1058 -1102
1058 -1101
1058 1101
1058 1102
1059 -1502
1059 -1500
1059 -1103
1059 -1101
1059 1101
1059 1103
1060 -1500
1060 -1101
1060 1101
1070 -1114
1070 -1113
1070 -1112
1070 1112
1070 1113
1070 1114
1070 1511
1070 1512
1070 1513
1071 -1112
1071 1112
1071 1511
1072 -1113
1072 1113
1072 1512
1074 -1612
1074 -1610
1074 -1479
1074 -1477
1074 -1346
1074 -1344
1074 -1080
1074 -1078
1074 1477
1074 1479
1075 -1612
1075 -1611
1075 -1479
1075 -1478
1075 -1346
1075 -1345
1075 -1080
1075 -1079
1075 1478
1075 1479
1076 -1611
1076 -1478
1076 -1345
1076 -1079
1076 1478
1080 -1674
1080 -1673
1080 1673
1080 1674
1081 -1675
1081 -1672
1081 -1258
1081 -1257
1081 1257
1081 1258
1081 1390
1081 1391
1081 1523
1081 1524
1081 1672
1081 1675
1082 -1675
1082 -1667
1082 -1259
1082 -1257
1082 1257
1082 1259
1082 1390
1082 1392
1082 1523
1082 1525
1082 1667
1082 1675
1083 -1675
1083 -1672
1083 -1668
1083 -1666
1083 -1257
1083 1257
1083 1390
1083 1523
1083 1666
1083 1668
1083 1672
1083 1675
1084 -1675
1084 -1674
1084 -1672
1084 -1671
1084 -1669
1084 -1668
1084 -1666
1084 -1665
1084 1665
1084 1666
1084 1668
1084 1669
1084 1671
1084 1672
1084 1674
1084 1675
1085 -1671
1085 -1669
1085 -1622
1085 -1489
1085 -1356
1085 1090
1085 1356
1085 1489
1085 1669
1085 1671
1086 -1672
1086 -1671
1086 -1669
1086 -1668
1086 -1624
1086 -1623
1086 -1491
1086 -1490
1086 -1358
1086 -1357
1086 1091
1086 1092
1086 1357
1086 1358
1086 1490
1086 1491
1086 1668
1086 1669
1086 1671
1086 1672
1087 -1623
1087 -1622
1087 -1490
1087 -1489
1087 -1357
1087 -1356
1087 1090
1087 1091
1087 1356
1087 1357
1087 1489
1087 1490
1091 -1674
1091 -1673
1091 -1672
1091 -1668
1091 -1667
1091 -1666
1091 1666
1091 1667
1091 1668
1091 1672
1091 1673
1091 1674
1092 -1675
1092 -1665
1092 1665
1092 1675
1093 -1675
1093 -1671
1093 -1669
1093 -1665
1093 -1270
1093 -1269
1093 -1268
1093 -1137
1093 -1136
1093 -1135
1093 1135
1093 1136
1093 1137
1093 1268
1093 1269
1093 1270
1093 1401
1093 1402
1093 1403
1093 1534
1093 1535
1093 1536
1093 1665
1093 1669
1093 1671
1093 1675
1094 -1674
1094 -1673
1094 -1672
1094 -1668
1094 -1667
1094 -1666
1094 -1268
1094 -1135
1094 1135
1094 1268
1094 1401
1094 1534
1094 1666
1094 1667
1094 1668
1094 1672
1094 1673
1094 1674
1095 -1673
1095 -1667
1095 -1269
1095 -1136
1095 1136
1095 1269
1095 1402
1095 1535
1095 1667
1095 1673
1097 -1635
1097 -1633
1097 -1369
1097 -1367
1097 1101
1097 1103
1097 1367
1097 1369
1098 -1635
1098 -1634
1098 -1369
1098 -1368
1098 1102
1098 1103
1098 1368
1098 1369
1099 -1634
1099 -1368
1099 1102
1099 1368
1104 -1148
1104 -1147
1104 1147
1104 1148
1104 1546
1104 1547
1105 -1646
1105 -1149
1105 -1147
1105 1147
1105 1149
1105 1546
1105 1548
1106 -1647
1106 -1646
1106 -1147
1106 1147
1106 1546
1107 -1674
1107 -1673
1107 -1647
1107 -1645
1107 1673
1107 1674
1108 -1674
1108 -1673
1108 -1650
1108 -1512
1108 -1113
1108 1650
1108 1673
1108 1674
1109 -1654
1109 -1653
1109 -1650
1109 -1514
1109 -1513
1109 -1115
1109 -1114
1109 1650
1109 1653
1109 1654
1110 -1655
1110 -1649
1110 -1635
1110 -1634
1110 -1513
1110 -1512
1110 -1114
1110 -1113
1110 1634
1110 1635
1110 1649
1110 1655
1111 -1656
1111 -1655
1111 -1652
1111 -1650
1111 -1635
1111 -1634
1111 1634
1111 1635
1111 1650
1111 1652
1111 1655
1111 1656
1112 -1655
1112 -1654
1112 -1650
1112 1650
1112 1654
1112 1655
1113 -1654
1113 -1653
1113 -1652
1113 1652
1113 1653
1113 1654
1114 -1641
1114 -1640
1114 -1636
1114 -1635
1114 1635
1114 1636
1114 1640
1114 1641
1115 -1654
1115 -1653
1115 -1652
1115 -1642
1115 -1639
1115 -1637
1115 -1634
1115 1634
1115 1637
1115 1639
1115 1642
1115 1652
1115 1653
1115 1654
1116 -1655
1116 -1654
1116 -1650
1116 -1643
1116 -1633
1116 -1160
1116 -1159
1116 -1158
1116 1158
1116 1159
1116 1160
1116 1557
1116 1558
1116 1559
1116 1633
1116 1643
1116 1650
1116 1654
1116 1655
1117 -1662
1117 -1661
1117 -1656
1117 -1655
1117 -1652
1117 -1650
1117 -1644
1117 -1643
1117 -1633
1117 -1632
1117 -1158
1117 1158
1117 1557
1117 1632
1117 1633
1117 1643
1117 1644
1117 1650
1117 1652
1117 1655
1117 1656
1117 1661
1117 1662
1118 -1662
1118 -1661
1118 -1655
1118 -1649
1118 -1643
1118 -1633
1118 -1159
1118 1159
1118 1558
1118 1633
1118 1643
1118 1649
1118 1655
1118 1661
1118 1662
1119 -1654
1119 -1653
1119 -1650
1119 -1642
1119 -1639
1119 -1637
1119 -1634
1119 1634
1119 1637
1119 1639
1119 1642
1119 1650
1119 1653
1119 1654
1120 -1650
1120 -1641
1120 -1640
1120 -1636
1120 -1635
1120 1257
1120 1259
1120 1390
1120 1392
1120 1523
1120 1525
1120 1635
1120 1636
1120 1640
1120 1641
1120 1650
1121 1258
1121 1259
1121 1391
1121 1392
1121 1524
1121 1525
1122 1258
1122 1391
1122 1524
1127 -1171
1127 -1170
1127 1170
1127 1171
1127 1436
1127 1437
1127 1569
1127 1570
1128 -1172
1128 -1170
1128 1170
1128 1172
1128 1436
1128 1438
1128 1569
1128 1571
1129 -1170
1129 1170
1129 1436
1129 1569
1131 1269
1131 1402
1132 1270
1132 1271
1132 1403
1132 1404
1133 1269
1133 1270
1133 1402
1133 1403
1139 -1316
1139 -1315
1139 -1314
1139 -1183
1139 -1182
1139 -1181
1139 1181
1139 1182
1139 1183
1139 1314
1139 1315
1139 1316
1139 1447
1139 1448
1139 1449
1140 -1314
1140 -1181
1140 1181
1140 1314
1140 1447
1141 -1315
1141 -1182
1141 1182
1141 1315
1141 1448
1143 1413
1143 1415
1144 1414
1144 1415
1145 1414
1150 -1593
1150 -1592
1150 -1327
1150 -1326
1150 -1194
1150 -1193
1150 1193
1150 1194
1150 1326
1150 1327
1150 1459
1150 1460
1151 -1594
1151 -1592
1151 -1328
1151 -1326
1151 -1195
1151 -1193
1151 1193
1151 1195
1151 1326
1151 1328
1151 1459
1151 1461
1152 -1592
1152 -1326
1152 -1193
1152 1193
1152 1326
1152 1459
1154 -1558
1154 -1159
1154 1159
1154 1425
1155 -1560
1155 -1559
1155 -1161
1155 -1160
1155 1160
1155 1161
1155 1426
1155 1427
1156 -1559
1156 -1558
1156 -1160
1156 -1159
1156 1159
1156 1160
1156 1425
1156 1426
1162 -1605
1162 -1604
1162 -1603
1162 1470
1162 1471
1162 1472
1162 1603
1162 1604
1162 1605
1163 -1603
1163 1470
1163 1603
1164 -1604
1164 1471
1164 1604
1173 -1616
1173 -1615
1173 1482
1173 1483
1173 1615
1173 1616
1174 -1617
1174 -1615
1174 1482
1174 1484
1174 1615
1174 1617
1175 -1615
1175 1482
1175 1615
1177 -1448
1177 -1315
1177 1315
1177 1448
1177 1581
1178 -1450
1178 -1449
1178 -1317
1178 -1316
1178 1316
1178 1317
1178 1449
1178 1450
1178 1582
1178 1583
1179 -1449
1179 -1448
1179 -1316
1179 -1315
1179 1315
1179 1316
1179 1448
1179 1449
1179 1581
1179 1582
1185 -1628
1185 -1627
1185 -1626
1185 1493
1185 1494
1185 1495
1185 1626
1185 1627
1185 1628
1186 -1626
1186 1493
1186 1626
1187 -1627
1187 1494
1187 1627
1189 -1461
1189 -1459
1189 -1328
1189 -1326
1189 -1195
1189 -1193
1189 1193
1189 1195
1189 1326
1189 1328
1189 1459
1189 1461
1190 -1461
1190 -1460
1190 -1328
1190 -1327
1190 -1195
1190 -1194
1190 1194
1190 1195
1190 1327
1190 1328
1190 1460
1190 1461
1191 -1460
1191 -1327
1191 -1194
1191 1194
1191 1327
1191 1460
1195 -1656
1195 -1655
1195 1655
1195 1656
1196 -1657
1196 -1654
1196 -1639
1196 -1638
1196 -1240
1196 -1239
1196 1239
1196 1240
1196 1638
1196 1639
1196 1654
1196 1657
1197 -1657
1197 -1649
1197 -1640
1197 -1638
1197 -1241
1197 -1239
1197 1239
1197 1241
1197 1638
1197 1640
1197 1649
1197 1657
1198 -1657
1198 -1654
1198 -1650
1198 -1648
1198 -1638
1198 -1239
1198 1239
1198 1638
1198 1648
1198 1650
1198 1654
1198 1657
1199 -1657
1199 -1656
1199 -1654
1199 -1653
1199 -1651
1199 -1650
1199 -1648
1199 -1647
1199 1647
1199 1648
1199 1650
1199 1651
1199 1653
1199 1654
1199 1656
1199 1657
1200 -1653
1200 -1651
1200 -1471
1200 1604
1200 1651
1200 1653
1201 -1654
1201 -1653
1201 -1651
1201 -1650
1201 -1473
1201 -1472
1201 1605
1201 1606
1201 1650
1201 1651
1201 1653
1201 1654
1202 -1472
1202 -1471
1202 1604
1202 1605
1206 -1656
1206 -1655
1206 -1654
1206 -1650
1206 -1649
1206 -1648
1206 1648
1206 1649
1206 1650
1206 1654
1206 1655
1206 1656
1207 -1657
1207 -1647
1207 1647
1207 1657
1208 -1657
1208 -1653
1208 -1651
1208 -1647
1208 -1518
1208 -1517
1208 -1516
1208 -1252
1208 -1251
1208 -1250
1208 1250
1208 1251
1208 1252
1208 1516
1208 1517
1208 1518
1208 1647
1208 1651
1208 1653
1208 1657
1209 -1656
1209 -1655
1209 -1654
1209 -1650
1209 -1649
1209 -1648
1209 -1516
1209 -1250
1209 1250
1209 1516
1209 1648
1209 1649
1209 1650
1209 1654
1209 1655
1209 1656
1210 -1655
1210 -1649
1210 -1517
1210 -1251
1210 1251
1210 1517
1210 1649
1210 1655
1212 -1617
1212 -1615
1212 -1351
1212 -1349
1212 1349
1212 1351
1212 1482
1212 1484
1212 1615
1212 1617
1213 -1617
1213 -1616
1213 -1351
1213 -1350
1213 1350
1213 1351
1213 1483
1213 1484
1213 1616
1213 1617
1214 -1616
1214 -1350
1214 1350
1214 1483
1214 1616
1219 -1529
1219 -1528
1219 1528
1219 1529
1220 -1530
1220 -1528
1220 1528
1220 1530
1221 -1528
1221 1528
1222 -1656
1222 -1655
1222 1655
1222 1656
1223 -1656
1223 -1655
1223 -1632
1223 -1361
1223 1361
1223 1494
1223 1632
1223 1655
1223 1656
1224 -1636
1224 -1635
1224 -1632
1224 -1363
1224 -1362
1224 1362
1224 1363
1224 1495
1224 1496
1224 1632
1224 1635
1224 1636
1225 -1637
1225 -1631
1225 -1617
1225 -1616
1225 -1362
1225 -1361
1225 1361
1225 1362
1225 1494
1225 1495
1225 1616
1225 1617
1225 1631
1225 1637
1226 -1638
1226 -1637
1226 -1634
1226 -1632
1226 -1617
1226 -1616
1226 1616
1226 1617
1226 1632
1226 1634
1226 1637
1226 1638
1227 -1637
1227 -1636
1227 -1632
1227 1632
1227 1636
1227 1637
1228 -1636
1228 -1635
1228 -1634
1228 1634
1228 1635
1228 1636
1229 -1623
1229 -1622
1229 -1618
1229 -1617
1229 1617
1229 1618
1229 1622
1229 1623
1230 -1636
1230 -1635
1230 -1634
1230 -1624
1230 -1621
1230 -1619
1230 -1616
1230 1616
1230 1619
1230 1621
1230 1624
1230 1634
1230 1635
1230 1636
1231 -1637
1231 -1636
1231 -1632
1231 -1625
1231 -1615
1231 1539
1231 1540
1231 1541
1231 1615
1231 1625
1231 1632
1231 1636
1231 1637
1232 -1644
1232 -1643
1232 -1638
1232 -1637
1232 -1634
1232 -1632
1232 -1626
1232 -1625
1232 -1615
1232 -1614
1232 1539
1232 1614
1232 1615
1232 1625
1232 1626
1232 1632
1232 1634
1232 1637
1232 1638
1232 1643
1232 1644
1233 -1644
1233 -1643
1233 -1637
1233 -1631
1233 -1625
1233 -1615
1233 1540
1233 1615
1233 1625
1233 1631
1233 1637
1233 1643
1233 1644
1234 -1636
1234 -1635
1234 -1632
1234 -1624
1234 -1621
1234 -1619
1234 -1616
1234 1616
1234 1619
1234 1621
1234 1624
1234 1632
1234 1635
1234 1636
1235 -1632
1235 -1623
1235 -1622
1235 -1618
1235 -1617
1235 -1507
1235 -1505
1235 1372
1235 1374
1235 1617
1235 1618
1235 1622
1235 1623
1235 1632
1236 -1507
1236 -1506
1236 1373
1236 1374
1237 -1506
1237 1373
1242 1551
1242 1552
1243 1551
1243 1553
1244 1551
1246 -1517
1246 -1384
1246 1517
1247 -1519
1247 -1518
1247 -1386
1247 -1385
1247 1518
1247 1519
1248 -1518
1248 -1517
1248 -1385
1248 -1384
1248 1517
1248 1518
1254 1562
1254 1563
1254 1564
1255 1562
1256 1563
1258 -1530
1258 -1528
1258 -1397
1258 -1395
1258 1395
1258 1397
1258 1528
1258 1530
1259 -1530
1259 -1529
1259 -1397
1259 -1396
1259 1396
1259 1397
1259 1529
1259 1530
1260 -1529
1260 -1396
1260 1396
1260 1529
1265 -1442
1265 -1441
1265 1441
1265 1442
1266 -1443
1266 -1441
1266 1441
1266 1443
1267 -1441
1267 1441
1269 -1407
1269 1407
1270 -1409
1270 -1408
1270 1408
1270 1409
1271 -1408
1271 -1407
1271 1407
1271 1408
1277 -1454
1277 -1453
1277 -1452
1277 1452
1277 1453
1277 1454
1277 1585
1277 1586
1277 1587
1278 -1452
1278 1452
1278 1585
1279 -1453
1279 1453
1279 1586
1281 -1553
1281 -1551
1282 -1553
1282 -1552
1283 -1552
1292 -1297
1292 1297
1292 1563
1293 -1299
1293 -1298
1293 1298
1293 1299
1293 1564
1293 1565
1294 -1298
1294 -1297
1294 1297
1294 1298
1294 1563
1294 1564
1304 -1443
1304 -1441
1304 -1310
1304 -1308
1304 1308
1304 1310
1304 1441
1304 1443
1305 -1443
1305 -1442
1305 -1310
1305 -1309
1305 1309
1305 1310
1305 1442
1305 1443
1306 -1442
1306 -1309
1306 1309
1306 1442
1310 -1638
1310 -1637
1310 1637
1310 1638
1311 -1639
1311 -1636
1311 1636
1311 1639
1312 -1639
1312 -1631
1312 1631
1312 1639
1313 -1639
1313 -1636
1313 -1632
1313 -1630
1313 1630
1313 1632
1313 1636
1313 1639
1314 -1639
1314 -1638
1314 -1636
1314 -1635
1314 -1633
1314 -1632
1314 -1630
1314 -1629
1314 1629
1314 1630
1314 1632
1314 1633
1314 1635
1314 1636
1314 1638
1314 1639
1315 -1635
1315 -1633
1315 -1453
1315 -1320
1315 1320
1315 1453
1315 1633
1315 1635
1316 -1636
1316 -1635
1316 -1633
1316 -1632
1316 -1455
1316 -1454
1316 -1322
1316 -1321
1316 1321
1316 1322
1316 1454
1316 1455
1316 1632
1316 1633
1316 1635
1316 1636
1317 -1454
1317 -1453
1317 -1321
1317 -1320
1317 1320
1317 1321
1317 1453
1317 1454
1321 -1638
1321 -1637
1321 -1636
1321 -1632
1321 -1631
1321 -1630
1321 1630
1321 1631
1321 1632
1321 1636
1321 1637
1321 1638
1322 -1639
1322 -1629
1322 1629
1322 1639
1323 -1639
1323 -1635
1323 -1633
1323 -1629
1323 -1367
1323 -1366
1323 -1365
1323 1365
1323 1366
1323 1367
1323 1629
1323 1633
1323 1635
1323 1639
1324 -1638
1324 -1637
1324 -1636
1324 -1632
1324 -1631
1324 -1630
1324 -1622
1324 -1621
1324 -1365
1324 1365
1324 1621
1324 1622
1324 1630
1324 1631
1324 1632
1324 1636
1324 1637
1324 1638
1325 -1637
1325 -1631
1325 -1623
1325 -1622
1325 -1366
1325 1366
1325 1622
1325 1623
1325 1631
1325 1637
1326 -1621
1326 1621
1327 -1333
1327 -1331
1327 1331
1327 1333
1328 -1333
1328 -1332
1328 1332
1328 1333
1329 -1332
1329 1332
1334 -1378
1334 -1377
1334 1377
1334 1378
1334 1510
1334 1511
1335 -1610
1335 -1379
1335 -1377
1335 1377
1335 1379
1335 1510
1335 1512
1336 -1611
1336 -1610
1336 -1377
1336 1377
1336 1510
1337 -1638
1337 -1637
1337 -1611
1337 -1609
1337 1637
1337 1638
1338 -1638
1338 -1637
1338 -1614
1338 1614
1338 1637
1338 1638
1339 -1618
1339 -1617
1339 -1614
1339 1614
1339 1617
1339 1618
1340 -1619
1340 -1613
1340 -1599
1340 -1598
1340 1598
1340 1599
1340 1613
1340 1619
1341 -1620
1341 -1619
1341 -1616
1341 -1614
1341 -1599
1341 -1598
1341 1598
1341 1599
1341 1614
1341 1616
1341 1619
1341 1620
1342 -1619
1342 -1618
1342 -1614
1342 1614
1342 1618
1342 1619
1343 -1618
1343 -1617
1343 -1616
1343 1616
1343 1617
1343 1618
1344 -1605
1344 -1604
1344 -1600
1344 -1599
1344 1599
1344 1600
1344 1604
1344 1605
1345 -1618
1345 -1617
1345 -1616
1345 -1606
1345 -1603
1345 -1601
1345 -1598
1345 1598
1345 1601
1345 1603
1345 1606
1345 1616
1345 1617
1345 1618
1346 -1619
1346 -1618
1346 -1614
1346 -1607
1346 -1597
1346 -1523
1346 -1522
1346 -1521
1346 1597
1346 1607
1346 1614
1346 1618
1346 1619
1347 -1626
1347 -1625
1347 -1620
1347 -1619
1347 -1616
1347 -1614
1347 -1608
1347 -1607
1347 -1597
1347 -1596
1347 -1521
1347 1596
1347 1597
1347 1607
1347 1608
1347 1614
1347 1616
1347 1619
1347 1620
1347 1625
1347 1626
1348 -1626
1348 -1625
1348 -1619
1348 -1613
1348 -1607
1348 -1597
1348 -1522
1348 1597
1348 1607
1348 1613
1348 1619
1348 1625
1348 1626
1349 -1618
1349 -1617
1349 -1614
1349 -1606
1349 -1603
1349 -1601
1349 -1598
1349 1598
1349 1601
1349 1603
1349 1606
1349 1614
1349 1617
1349 1618
1350 -1614
1350 -1605
1350 -1604
1350 -1600
1350 -1599
1350 -1489
1350 -1487
1350 -1356
1350 -1354
1350 1354
1350 1356
1350 1487
1350 1489
1350 1599
1350 1600
1350 1604
1350 1605
1350 1614
1351 -1489
1351 -1488
1351 -1356
1351 -1355
1351 1355
1351 1356
1351 1488
1351 1489
1352 -1488
1352 -1355
1352 1355
1352 1488
1357 -1534
1357 -1533
1358 -1535
1358 -1533
1359 -1533
1361 -1499
1361 -1366
1361 1366
1361 1499
1362 -1501
1362 -1500
1362 -1368
1362 -1367
1362 1367
1362 1368
1362 1500
1362 1501
1363 -1500
1363 -1499
1363 -1367
1363 -1366
1363 1366
1363 1367
1363 1499
1363 1500
1373 -1512
1373 -1510
1374 -1512
1374 -1511
1375 -1511
1384 -1389
1384 1389
1384 1522
1385 -1391
1385 -1390
1385 1390
1385 1391
1385 1523
1385 1524
1386 -1390
1386 -1389
1386 1389
1386 1390
1386 1522
1386 1523
1392 -1436
1392 -1435
1392 -1434
1392 1434
1392 1435
1392 1436
1392 1567
1392 1568
1392 1569
1393 -1434
1393 1434
1393 1567
1394 -1435
1394 1435
1394 1568
1396 -1402
1396 -1400
1396 1400
1396 1402
1396 1533
1396 1535
1397 -1402
1397 -1401
1397 1401
1397 1402
1397 1534
1397 1535
1398 -1401
1398 1401
1398 1534
1403 1579
1403 1580
1404 1579
1404 1581
1405 1579
1407 -1545
1407 -1412
1407 1412
1408 -1547
1408 -1546
1408 -1414
1408 -1413
1408 1413
1408 1414
1409 -1546
1409 -1545
1409 -1413
1409 -1412
1409 1412
1409 1413
1415 -1592
1415 -1591
1415 -1590
1416 -1590
1417 -1591
1419 -1558
1419 -1556
1419 -1425
1419 -1423
1419 1556
1419 1558
1420 -1558
1420 -1557
1420 -1425
1420 -1424
1420 1557
1420 1558
1421 -1557
1421 -1424
1421 1557
1425 -1620
1425 -1619
1425 1619
1425 1620
1426 -1621
1426 -1618
1426 -1470
1426 -1469
1426 1469
1426 1470
1426 1618
1426 1621
1427 -1621
1427 -1613
1427 -1471
1427 -1469
1427 1469
1427 1471
1427 1613
1427 1621
1428 -1621
1428 -1618
1428 -1614
1428 -1612
1428 -1469
1428 1469
1428 1612
1428 1614
1428 1618
1428 1621
1429 -1621
1429 -1620
1429 -1618
1429 -1617
1429 -1615
1429 -1614
1429 -1612
1429 -1611
1429 1611
1429 1612
1429 1614
1429 1615
1429 1617
1429 1618
1429 1620
1429 1621
1430 -1617
1430 -1615
1430 -1568
1430 -1435
1430 1435
1430 1568
1430 1615
1430 1617
1431 -1618
1431 -1617
1431 -1615
1431 -1614
1431 -1570
1431 -1569
1431 -1437
1431 -1436
1431 1436
1431 1437
1431 1569
1431 1570
1431 1614
1431 1615
1431 1617
1431 1618
1432 -1569
1432 -1568
1432 -1436
1432 -1435
1432 1435
1432 1436
1432 1568
1432 1569
1436 -1620
1436 -1619
1436 -1618
1436 -1614
1436 -1613
1436 -1612
1436 1612
1436 1613
1436 1614
1436 1618
1436 1619
1436 1620
1437 -1621
1437 -1611
1437 1611
1437 1621
1438 -1621
1438 -1617
1438 -1615
1438 -1611
1438 1611
1438 1615
1438 1617
1438 1621
1439 -1620
1439 -1619
1439 -1618
1439 -1614
1439 -1613
1439 -1612
1439 1612
1439 1613
1439 1614
1439 1618
1439 1619
1439 1620
1440 -1619
1440 -1613
1440 1613
1440 1619
1442 -1448
1442 -1446
1442 1446
1442 1448
1443 -1448
1443 -1447
1443 1447
1443 1448
1444 -1447
1444 1447
1450 -1592
1451 -1593
1451 -1592
1452 -1620
1452 -1619
1452 -1593
1452 -1591
1452 1619
1452 1620
1453 -1620
1453 -1619
1453 -1596
1453 1596
1453 1619
1453 1620
1454 -1600
1454 -1599
1454 -1596
1454 1596
1454 1599
1454 1600
1455 -1601
1455 -1595
1455 -1581
1455 -1580
1455 1580
1455 1581
1455 1595
1455 1601
1456 -1602
1456 -1601
1456 -1598
1456 -1596
1456 -1581
1456 -1580
1456 1580
1456 1581
1456 1596
1456 1598
1456 1601
1456 1602
1457 -1601
1457 -1600
1457 -1596
1457 1596
1457 1600
1457 1601
1458 -1600
1458 -1599
1458 -1598
1458 1598
1458 1599
1458 1600
1459 -1587
1459 -1586
1459 -1582
1459 -1581
1459 1581
1459 1582
1459 1586
1459 1587
1460 -1600
1460 -1599
1460 -1598
1460 -1588
1460 -1585
1460 -1583
1460 -1580
1460 1580
1460 1583
1460 1585
1460 1588
1460 1598
1460 1599
1460 1600
1461 -1601
1461 -1600
1461 -1596
1461 -1589
1461 -1579
1461 1579
1461 1589
1461 1596
1461 1600
1461 1601
1462 -1608
1462 -1607
1462 -1602
1462 -1601
1462 -1598
1462 -1596
1462 -1590
1462 -1589
1462 -1579
1462 -1578
1462 1578
1462 1579
1462 1589
1462 1590
1462 1596
1462 1598
1462 1601
1462 1602
1462 1607
1462 1608
1463 -1608
1463 -1607
1463 -1601
1463 -1595
1463 -1589
1463 -1579
1463 1579
1463 1589
1463 1595
1463 1601
1463 1607
1463 1608
1464 -1600
1464 -1599
1464 -1596
1464 -1588
1464 -1585
1464 -1583
1464 -1580
1464 1580
1464 1583
1464 1585
1464 1588
1464 1596
1464 1599
1464 1600
1465 -1596
1465 -1587
1465 -1586
1465 -1582
1465 -1581
1465 1581
1465 1582
1465 1586
1465 1587
1465 1596
1472 -1516
1472 -1515
1473 -1517
1473 -1515
1474 -1515
1476 -1481
1476 1481
1477 -1483
1477 -1482
1477 1482
1477 1483
1478 -1482
1478 -1481
1478 1481
1478 1482
1484 1526
1484 1527
1484 1528
1485 1526
1486 1527
1488 -1494
1488 -1492
1488 1492
1488 1494
1489 -1494
1489 -1493
1489 1493
1489 1494
1490 -1493
1490 1493
1495 1538
1495 1539
1496 1538
1496 1540
1497 1538
1507 -1551
1507 -1550
1507 -1549
1508 -1549
1509 -1550
1522 -1527
1522 1527
1523 -1529
1523 -1528
1523 1528
1523 1529
1524 -1528
1524 -1527
1524 1527
1524 1528
1530 -1574
1530 -1573
1530 -1572
1530 1572
1530 1573
1530 1574
1531 -1572
1531 1572
1532 -1573
1532 1573
1534 -1540
1534 -1538
1534 1538
1534 1540
1535 -1540
1535 -1539
1535 1539
1535 1540
1536 -1539
1536 1539
1540 -1602
1540 -1601
1540 1601
1540 1602
1541 -1603
1541 -1600
1541 -1585
1541 -1584
1541 1584
1541 1585
1541 1600
1541 1603
1542 -1603
1542 -1595
1542 -1586
1542 -1584
1542 1584
1542 1586
1542 1595
1542 1603
1543 -1603
1543 -1600
1543 -1596
1543 -1594
1543 -1584
1543 1584
1543 1594
1543 1596
1543 1600
1543 1603
1544 -1603
1544 -1602
1544 -1600
1544 -1599
1544 -1597
1544 -1596
1544 -1594
1544 -1593
1544 1593
1544 1594
1544 1596
1544 1597
1544 1599
1544 1600
1544 1602
1544 1603
1545 -1599
1545 -1597
1545 -1550
1545 1550
1545 1597
1545 1599
1546 -1600
1546 -1599
1546 -1597
1546 -1596
1546 -1552
1546 -1551
1546 1551
1546 1552
1546 1596
1546 1597
1546 1599
1546 1600
1547 -1551
1547 -1550
1547 1550
1547 1551
1551 -1602
1551 -1601
1551 -1600
1551 -1596
1551 -1595
1551 -1594
1551 1594
1551 1595
1551 1596
1551 1600
1551 1601
1551 1602
1552 -1603
1552 -1593
1552 1593
1552 1603
1553 -1603
1553 -1599
1553 -1597
1553 -1593
1553 1593
1553 1597
1553 1599
1553 1603
1554 -1602
1554 -1601
1554 -1600
1554 -1596
1554 -1595
1554 -1594
1554 -1586
1554 -1585
1554 1585
1554 1586
1554 1594
1554 1595
1554 1596
1554 1600
1554 1601
1554 1602
1555 -1601
1555 -1595
1555 -1587
1555 -1586
1555 1586
1555 1587
1555 1595
1555 1601
1556 -1585
1556 1585
1557 -1563
1557 -1561
1557 1561
1557 1563
1558 -1563
1558 -1562
1558 1562
1558 1563
1559 -1562
1559 1562
1565 -1574
1565 1574
1566 -1575
1566 -1574
1566 1574
1566 1575
1567 -1602
1567 -1601
1567 -1575
1567 -1573
1567 1573
1567 1575
1567 1601
1567 1602
1568 -1602
1568 -1601
1568 -1578
1568 1578
1568 1601
1568 1602
1569 -1582
1569 -1581
1569 -1578
1569 1578
1569 1581
1569 1582
1570 -1583
1570 -1577
1570 -1563
1570 -1562
1570 1562
1570 1563
1570 1577
1570 1583
1571 -1584
1571 -1583
1571 -1580
1571 -1578
1571 -1563
1571 -1562
1571 1562
1571 1563
1571 1578
1571 1580
1571 1583
1571 1584
1572 -1583
1572 -1582
1572 -1578
1572 1578
1572 1582
1572 1583
1573 -1582
1573 -1581
1573 -1580
1573 1580
1573 1581
1573 1582
1574 -1569
1574 -1568
1574 -1564
1574 -1563
1574 1563
1574 1564
1574 1568
1574 1569
1575 -1582
1575 -1581
1575 -1580
1575 -1570
1575 -1567
1575 -1565
1575 -1562
1575 1562
1575 1565
1575 1567
1575 1570
1575 1580
1575 1581
1575 1582
1576 -1583
1576 -1582
1576 -1578
1576 -1571
1576 -1561
1576 1561
1576 1571
1576 1578
1576 1582
1576 1583
1577 -1590
1577 -1589
1577 -1584
1577 -1583
1577 -1580
1577 -1578
1577 -1572
1577 -1571
1577 -1561
1577 -1560
1577 1560
1577 1561
1577 1571
1577 1572
1577 1578
1577 1580
1577 1583
1577 1584
1577 1589
1577 1590
1578 -1590
1578 -1589
1578 -1583
1578 -1577
1578 -1571
1578 -1561
1578 1561
1578 1571
1578 1577
1578 1583
1578 1589
1578 1590
1579 -1582
1579 -1581
1579 -1578
1579 -1570
1579 -1567
1579 -1565
1579 -1562
1579 1562
1579 1565
1579 1567
1579 1570
1579 1578
1579 1581
1579 1582
1580 -1578
1580 -1569
1580 -1568
1580 -1564
1580 -1563
1580 1563
1580 1564
1580 1568
1580 1569
1580 1578
